3 0.220906 0.039002 0.263221 0.012993
2 0.257408 0.076164 0.335252 0.028670
0 0.279622 0.150445 0.384581 0.052340
6 0.222081 0.205564 0.258758 0.016995
0 0.290017 0.370825 0.404362 0.302648
6 0.238356 0.545944 0.289362 0.017423
0 0.290210 0.656983 0.404748 0.190523
0 0.289581 0.793557 0.401544 0.027565
7 0.159077 0.771188 0.138591 0.013207
1 0.259262 0.830879 0.334094 0.022874
8 0.293196 0.893812 0.405822 0.099762
1 0.714161 0.435036 0.403255 0.049549
4 0.718221 0.262387 0.417081 0.292114
4 0.716225 0.564816 0.262013 0.154905
1 0.710059 0.656930 0.394748 0.024216
0 0.708221 0.828248 0.393020 0.067827
7 0.645210 0.786223 0.266023 0.014513
0 0.713784 0.916681 0.404111 0.053551
7 0.570965 0.880255 0.117534 0.011437
0 0.708079 0.732945 0.391762 0.069050