3 0.499355 0.074914 0.262579 0.013280
0 0.286745 0.155980 0.401069 0.119581
0 0.286557 0.266880 0.400692 0.044587
0 0.286478 0.593261 0.398868 0.090074
5 0.286989 0.689908 0.399858 0.046942
5 0.285983 0.404605 0.401462 0.229482
5 0.243325 0.322552 0.272374 0.033859
5 0.305558 0.447109 0.362563 0.145734
5 0.711509 0.117448 0.404906 0.045401
5 0.711588 0.417306 0.399088 0.491110
0 0.595605 0.701936 0.167091 0.016523
7 0.160000 0.234180 0.144465 0.016498
7 0.193113 0.536276 0.210660 0.013095
7 0.153184 0.654815 0.131588 0.012959
7 0.551934 0.681745 0.079371 0.012417
7 0.565645 0.160721 0.108585 0.015919
8 0.499159 0.842411 0.822406 0.191677
1 0.499332 0.737891 0.444921 0.014402