3 0.745959 0.045334 0.256353 0.013041
0 0.298818 0.129552 0.403929 0.125268
7 0.283132 0.224432 0.371653 0.029036
5 0.299062 0.392839 0.405182 0.290577
6 0.248838 0.584230 0.304747 0.013168
0 0.299124 0.700116 0.403988 0.195659
5 0.299124 0.873125 0.403988 0.139195
5 0.730082 0.094175 0.404894 0.057741
6 0.656521 0.175066 0.256771 0.030859
0 0.730338 0.234591 0.405100 0.069055
7 0.584841 0.294941 0.112024 0.013036
0 0.730621 0.428986 0.403582 0.234009
7 0.613844 0.572998 0.172100 0.012768
7 0.581662 0.698345 0.107735 0.012309
0 0.730594 0.631675 0.404224 0.083523
0 0.730644 0.756443 0.405018 0.082986
7 0.584706 0.822973 0.111059 0.012018
5 0.730782 0.902395 0.403906 0.082509
0 0.725156 0.846484 0.392641 0.013523