1 0.502628 0.950763 0.387725 0.014125
4 0.507848 0.778952 0.764021 0.324562
1 0.263704 0.585259 0.184550 0.015663
4 0.264180 0.461698 0.329453 0.227586
1 0.263113 0.336479 0.302205 0.015186
4 0.257963 0.204993 0.188942 0.245451
7 0.635282 0.086804 0.245767 0.017347
7 0.573386 0.106419 0.120917 0.015411
0 0.736508 0.135013 0.448183 0.035305
7 0.578007 0.175080 0.124868 0.014271
0 0.736702 0.202586 0.447160 0.034907
6 0.587143 0.241625 0.147866 0.014204
6 0.621120 0.423402 0.212046 0.013780
7 0.684101 0.524184 0.338360 0.015106
0 0.738219 0.569151 0.447513 0.066154
0 0.738616 0.468607 0.448272 0.063050
0 0.737478 0.329211 0.449771 0.146300