3 0.775319 0.046470 0.190310 0.011070
4 0.279453 0.171958 0.397007 0.198171
1 0.279389 0.302446 0.395602 0.027249
7 0.166177 0.356680 0.173047 0.015718
0 0.279498 0.387581 0.398522 0.043401
0 0.279927 0.479858 0.397737 0.044187
0 0.280119 0.626260 0.398887 0.153279
0 0.279352 0.810190 0.398084 0.059214
0 0.280036 0.903604 0.398723 0.031951
7 0.121642 0.880271 0.081861 0.013875
7 0.175903 0.773550 0.190383 0.013360
6 0.289407 0.742005 0.260420 0.015339
7 0.165693 0.542344 0.169015 0.012629
7 0.113285 0.449356 0.067628 0.015027
6 0.657016 0.357317 0.168339 0.016640
7 0.582828 0.173259 0.175073 0.014268
7 0.527801 0.281287 0.066332 0.014851
7 0.589179 0.388354 0.189781 0.014946
7 0.535885 0.480474 0.081843 0.014851
7 0.581861 0.819045 0.174489 0.013862
0 0.692482 0.865630 0.397044 0.077385
0 0.693677 0.719560 0.398011 0.123808
5 0.627920 0.620156 0.267263 0.047087
0 0.693047 0.542737 0.396861 0.106748
0 0.693850 0.419472 0.397810 0.045556
0 0.693084 0.304648 0.395620 0.030921
0 0.693166 0.211470 0.397719 0.060528
0 0.693203 0.104465 0.396478 0.062507