3 0.760408 0.089798 0.284568 0.016217
4 0.291868 0.230410 0.408760 0.221425
1 0.097977 0.333260 0.016639 0.012270
4 0.706949 0.230694 0.412202 0.221917
1 0.514013 0.333260 0.014584 0.012270
4 0.290375 0.497629 0.403980 0.216595
4 0.710604 0.498115 0.405514 0.220820
1 0.288834 0.624451 0.406509 0.027440
1 0.710334 0.625158 0.407749 0.027768
4 0.289812 0.783045 0.402855 0.230933
1 0.225253 0.909483 0.276900 0.013720
6 0.591786 0.676173 0.166574 0.015851
0 0.709380 0.729338 0.405383 0.068008
6 0.643189 0.796015 0.270946 0.015839
0 0.709853 0.867131 0.405285 0.101828
1 0.260016 0.352844 0.348385 0.014388