2 0.497962 0.117139 0.545241 0.033323
6 0.144700 0.237223 0.095294 0.011864
6 0.675553 0.905977 0.293282 0.015518
0 0.695550 0.931348 0.336453 0.013005
0 0.731053 0.838839 0.404212 0.055886
7 0.602432 0.794216 0.147759 0.012759
0 0.730671 0.721191 0.403447 0.096718
7 0.581350 0.655659 0.107253 0.012391
0 0.730091 0.484650 0.405241 0.293655
7 0.620350 0.322064 0.185159 0.012327
6 0.667488 0.297091 0.278624 0.012073
0 0.729371 0.240139 0.402388 0.027977
0 0.224959 0.263309 0.256035 0.013445
5 0.298365 0.366820 0.405329 0.163950
5 0.299338 0.527555 0.405512 0.112155
0 0.266747 0.458052 0.299094 0.013695
0 0.298824 0.715225 0.404494 0.251532
0 0.299409 0.895352 0.405665 0.083405