6 0.630365 0.859691 0.263212 0.028855
0 0.700376 0.906707 0.403518 0.041577
7 0.552994 0.178177 0.106965 0.014455
7 0.117718 0.342057 0.099847 0.013132
0 0.269612 0.193173 0.403635 0.250018
0 0.268559 0.399814 0.403871 0.085364
5 0.269094 0.690502 0.406212 0.472105
5 0.700553 0.499943 0.403894 0.402895
0 0.701935 0.757689 0.404424 0.111932
5 0.700944 0.108916 0.403276 0.083405
5 0.645532 0.243818 0.292441 0.056191
0 0.547341 0.200620 0.096835 0.010023
7 0.667421 0.288016 0.336229 0.016186
3 0.224009 0.044791 0.192441 0.010782