3 0.849035 0.038391 0.120721 0.011128
6 0.176225 0.400719 0.185470 0.014311
6 0.151510 0.667055 0.134295 0.028290
6 0.440503 0.607043 0.145772 0.016722
6 0.433532 0.716330 0.132634 0.016841
6 0.718834 0.515006 0.139681 0.017043
1 0.742819 0.684632 0.131678 0.015819
5 0.775436 0.741853 0.224564 0.091093
1 0.208423 0.297280 0.259933 0.035629
4 0.493507 0.419822 0.265302 0.175677
1 0.449119 0.318213 0.174950 0.012838
1 0.754480 0.343183 0.222248 0.013088
1 0.411955 0.517548 0.102567 0.012696
4 0.209287 0.172999 0.260084 0.205998
4 0.493381 0.189418 0.264279 0.238219
4 0.776997 0.202399 0.265772 0.263563
0 0.198456 0.348943 0.240436 0.027672
0 0.210831 0.517850 0.266091 0.203302
0 0.205738 0.744822 0.255000 0.110998
0 0.482592 0.552904 0.243003 0.025119
0 0.490570 0.649020 0.258993 0.054549
0 0.493691 0.764893 0.266980 0.066912
0 0.774052 0.420932 0.261997 0.108159
0 0.774178 0.585564 0.259597 0.108040