3 0.339553 0.046938 0.367719 0.012818
6 0.310894 0.094736 0.254161 0.030068
7 0.228321 0.141599 0.088139 0.014146
7 0.225538 0.264634 0.085237 0.015447
7 0.228759 0.465705 0.090766 0.016152
7 0.226825 0.588570 0.086898 0.016436
7 0.307117 0.709729 0.248358 0.015312
7 0.219918 0.802629 0.071332 0.015068
7 0.642181 0.818333 0.087974 0.013902
6 0.672710 0.778659 0.150675 0.012981
7 0.640630 0.681023 0.085164 0.014783
7 0.659215 0.465596 0.123759 0.016070
0 0.305073 0.195732 0.398102 0.063686
5 0.306286 0.366111 0.395675 0.124634
0 0.204544 0.295840 0.197044 0.015989
5 0.304489 0.520054 0.396934 0.062683
5 0.303850 0.641673 0.396642 0.062534
0 0.304243 0.749207 0.397427 0.033320
5 0.305365 0.857683 0.396752 0.063252
5 0.718577 0.126199 0.401788 0.111206
5 0.720237 0.318652 0.400219 0.213835
0 0.679827 0.204180 0.319179 0.014648
5 0.718531 0.565644 0.400858 0.156599
0 0.717765 0.718374 0.399361 0.033984
0 0.718029 0.862798 0.399854 0.045461