3 0.763888 0.045293 0.218200 0.013786
8 0.514656 0.166125 0.838041 0.159005
1 0.499647 0.077170 0.786459 0.011223
5 0.299035 0.404732 0.407976 0.286773
5 0.729318 0.402382 0.406176 0.282064
5 0.729462 0.672605 0.405876 0.154536
6 0.679138 0.576339 0.303735 0.015159
1 0.298406 0.917568 0.405212 0.047991
4 0.299250 0.658598 0.396041 0.150623
1 0.119271 0.721552 0.013400 0.011986
4 0.300285 0.814584 0.397124 0.153068
1 0.120409 0.879805 0.012712 0.012109
4 0.732021 0.853836 0.255265 0.149245
1 0.729494 0.938116 0.248259 0.014741