3 0.783193 0.046843 0.175985 0.014038
7 0.533987 0.080678 0.077755 0.014309
0 0.139106 0.203808 0.114526 0.013360
7 0.120137 0.189106 0.078558 0.014878
7 0.112920 0.250786 0.066861 0.015610
0 0.279425 0.319173 0.397828 0.061626
7 0.173212 0.280136 0.186533 0.011626
0 0.279261 0.473943 0.397464 0.185366
7 0.154653 0.373665 0.150328 0.014051
7 0.137345 0.603672 0.113850 0.014526
0 0.694881 0.842060 0.399361 0.122358
7 0.527838 0.773184 0.065529 0.014363
7 0.534964 0.635224 0.077628 0.012886
7 0.536150 0.449932 0.082737 0.014770
7 0.533321 0.341870 0.076533 0.014688
7 0.535328 0.248801 0.080000 0.013130
7 0.703148 0.217439 0.259982 0.012927
0 0.279982 0.112527 0.398942 0.078930
5 0.279261 0.757866 0.397464 0.290745
0 0.692418 0.135142 0.396697 0.092832
0 0.693367 0.278530 0.398522 0.043862
5 0.693330 0.381057 0.395420 0.062358
0 0.693878 0.528184 0.397281 0.140678
5 0.693586 0.696972 0.395201 0.079201
0 0.598130 0.649004 0.206113 0.012425