2 0.546424 0.133545 0.639494 0.070527
0 0.298379 0.269268 0.403429 0.069600
6 0.156471 0.334686 0.119612 0.012382
5 0.299824 0.444868 0.401894 0.181464
6 0.194415 0.566625 0.195500 0.012714
6 0.160556 0.630741 0.127782 0.013391
0 0.201603 0.592141 0.209029 0.013773
0 0.298418 0.664020 0.402659 0.027341
6 0.141009 0.709180 0.088053 0.011859
0 0.298776 0.742245 0.403600 0.027873
6 0.149324 0.787982 0.105471 0.013673
5 0.299109 0.876825 0.403476 0.138814
5 0.729582 0.360018 0.401647 0.249891
5 0.730182 0.604750 0.404329 0.140336
5 0.730703 0.779764 0.406865 0.112964
0 0.729962 0.914907 0.405382 0.056468
6 0.629276 0.516332 0.202294 0.012109
6 0.604153 0.705082 0.152047 0.012800
6 0.604882 0.867316 0.151541 0.011841