3 0.220747 0.039186 0.263406 0.012458
2 0.368490 0.076039 0.558926 0.029228
0 0.291636 0.185730 0.408607 0.123527
6 0.193507 0.269181 0.198758 0.017031
0 0.287525 0.366395 0.400352 0.134454
7 0.159077 0.291437 0.143490 0.014228
0 0.216779 0.475944 0.255503 0.082553
0 0.219950 0.601865 0.261846 0.123539
7 0.143901 0.532530 0.108607 0.014537
0 0.220403 0.769133 0.262752 0.163800
7 0.173238 0.679382 0.165000 0.014774
6 0.189715 0.880291 0.190034 0.030107
0 0.215990 0.929091 0.251644 0.024264
7 0.188188 0.908278 0.199430 0.013919
1 0.706518 0.381021 0.386997 0.012803
4 0.715612 0.247292 0.408977 0.252114
0 0.786636 0.546081 0.268238 0.217316
0 0.787777 0.739186 0.266258 0.109252
0 0.785361 0.882862 0.263104 0.124347
7 0.699346 0.811502 0.092752 0.012316
7 0.681544 0.675944 0.056477 0.013812
4 0.501569 0.538789 0.262735 0.202565
4 0.500755 0.807862 0.259698 0.214798
1 0.449237 0.650113 0.155721 0.013337
1 0.493666 0.930677 0.243876 0.023967