3 0.222439 0.052304 0.135285 0.012765
6 0.167219 0.084886 0.122855 0.019621
0 0.302047 0.186162 0.393752 0.156793
5 0.303197 0.447254 0.396052 0.333573
5 0.312210 0.453952 0.375710 0.086288
0 0.302194 0.670309 0.394992 0.087462
0 0.303344 0.799091 0.397292 0.087323
7 0.168768 0.740253 0.125759 0.018561
7 0.136900 0.870063 0.062023 0.017121
7 0.176892 0.893788 0.142561 0.013258
0 0.302382 0.924034 0.394715 0.028750
7 0.631330 0.793946 0.214502 0.013447
0 0.720171 0.873731 0.394241 0.129861
0 0.720302 0.656528 0.394861 0.232475
7 0.637773 0.526351 0.229054 0.014394
0 0.720449 0.198662 0.394405 0.246919
7 0.572577 0.344230 0.099772 0.014318
0 0.721093 0.432001 0.395726 0.145745