1 0.723856 0.658265 0.173154 0.013007
5 0.725693 0.820298 0.419185 0.262821
7 0.573761 0.679947 0.117539 0.016424
0 0.723778 0.612543 0.439931 0.048132
0 0.723657 0.455166 0.440173 0.159762
0 0.724480 0.293464 0.441023 0.100066
0 0.724532 0.144424 0.440260 0.130093
0 0.256360 0.830914 0.445165 0.254649
5 0.257764 0.367775 0.420451 0.567974
7 0.616473 0.230874 0.224558 0.014728
7 0.640893 0.363642 0.271976 0.015603
7 0.659957 0.567629 0.309445 0.032980
7 0.132773 0.690411 0.191681 0.014225
7 0.098120 0.671444 0.122340 0.016132