3 0.758230 0.039662 0.304279 0.013622
1 0.199211 0.277809 0.240369 0.012530
1 0.492802 0.362138 0.263188 0.036033
1 0.773826 0.229430 0.260201 0.022375
4 0.782383 0.140344 0.291409 0.152589
4 0.448968 0.205101 0.177131 0.270273
4 0.208633 0.166960 0.276426 0.205487
1 0.765411 0.264501 0.234245 0.021211
8 0.777341 0.326740 0.262936 0.097660
7 0.155369 0.363444 0.153624 0.013682
7 0.188129 0.506010 0.218674 0.027292
7 0.142852 0.814804 0.128289 0.014240
0 0.206015 0.330119 0.255487 0.027530
0 0.211468 0.426075 0.266393 0.108753
0 0.210143 0.657589 0.263138 0.270903
0 0.203138 0.855754 0.249094 0.067019
0 0.489262 0.501271 0.255973 0.177245
0 0.775763 0.500701 0.266158 0.178195
1 0.483112 0.641609 0.167064 0.026686
5 0.638960 0.769169 0.504564 0.218670