3 0.194976 0.044884 0.163339 0.009301
0 0.267903 0.091338 0.418754 0.029402
6 0.208717 0.136429 0.298787 0.030466
0 0.269658 0.216593 0.419039 0.089736
7 0.161865 0.163476 0.203436 0.013640
7 0.164739 0.276993 0.211629 0.013457
0 0.268860 0.345072 0.419055 0.119490
7 0.152814 0.420098 0.183721 0.014087
0 0.269536 0.473391 0.420407 0.089918
0 0.268819 0.721537 0.418160 0.360894
7 0.191441 0.533001 0.265847 0.013319
7 0.103958 0.919732 0.090879 0.015233
0 0.267606 0.942736 0.418176 0.028155
0 0.702679 0.273530 0.420668 0.391908
0 0.703884 0.600271 0.419837 0.211889
7 0.561840 0.485901 0.132508 0.011385
7 0.562252 0.723111 0.134129 0.013816
0 0.703151 0.845249 0.419186 0.227349