3 0.378121 0.086881 0.478758 0.018712
5 0.288260 0.505215 0.409330 0.185556
6 0.300392 0.622456 0.379510 0.017008
7 0.192010 0.653939 0.212255 0.018611
7 0.139126 0.793403 0.105310 0.016402
1 0.257982 0.794293 0.125441 0.018182
1 0.711356 0.877797 0.045523 0.014381
1 0.288766 0.366616 0.047337 0.014545
1 0.712296 0.366686 0.047925 0.015038
4 0.288668 0.240278 0.404265 0.232096
4 0.711275 0.240385 0.404248 0.230114
4 0.710270 0.637424 0.403676 0.457096
0 0.288791 0.723984 0.404542 0.107235
0 0.210523 0.814931 0.248007 0.014785
5 0.185711 0.844343 0.200082 0.043081