1 0.482210 0.324225 0.241542 0.016255
1 0.247279 0.646097 0.438995 0.030933
4 0.487764 0.193338 0.699896 0.242418
4 0.246196 0.483003 0.438354 0.292497
1 0.713180 0.912589 0.441231 0.073377
4 0.712262 0.782970 0.432149 0.150539
1 0.638050 0.698410 0.021716 0.013771
1 0.636802 0.866675 0.021993 0.013903
4 0.713458 0.618876 0.432704 0.139908
7 0.128553 0.679678 0.201577 0.017070
0 0.247617 0.732812 0.440641 0.084205
7 0.111378 0.789172 0.168128 0.016583
7 0.576681 0.465302 0.164315 0.016728
5 0.541482 0.512293 0.093951 0.032812
0 0.650477 0.487490 0.311282 0.017503
5 0.715355 0.396853 0.440451 0.097858
5 0.246490 0.875276 0.440849 0.150342