3 0.499442 0.075604 0.262531 0.013403
5 0.712893 0.133471 0.399560 0.076042
0 0.711619 0.200580 0.399811 0.043724
7 0.605354 0.241634 0.189230 0.013798
7 0.637940 0.347201 0.255346 0.015265
0 0.710700 0.292663 0.400110 0.075290
0 0.711777 0.395777 0.401101 0.073033
0 0.711392 0.507725 0.400299 0.087263
7 0.658082 0.453958 0.294623 0.014575
5 0.287469 0.132688 0.401289 0.075142
0 0.286274 0.232016 0.401069 0.061739
7 0.215275 0.191282 0.254072 0.014599
5 0.286816 0.411011 0.403569 0.281603
5 0.287579 0.376948 0.400943 0.166917
5 0.288420 0.521030 0.402594 0.061023
8 0.499072 0.764168 0.823365 0.345080
1 0.499473 0.584007 0.294198 0.012404