1 0.257045 0.661527 0.443172 0.031793
4 0.253024 0.282795 0.430277 0.413612
1 0.262964 0.470671 0.021352 0.013931
4 0.261040 0.570837 0.431196 0.147570
1 0.261863 0.635252 0.022305 0.015259
5 0.256508 0.731109 0.439636 0.065299
5 0.255806 0.880551 0.440901 0.161023
5 0.725043 0.907483 0.444021 0.113612
5 0.723856 0.507789 0.441612 0.098712
5 0.633761 0.173280 0.262496 0.068287
7 0.697435 0.097311 0.384229 0.031355
7 0.549385 0.128426 0.088128 0.017198
7 0.555607 0.226175 0.101681 0.016175
0 0.723744 0.263958 0.439099 0.050518
7 0.618570 0.317908 0.228440 0.031673
0 0.722938 0.355598 0.441369 0.031248
7 0.626092 0.403459 0.241508 0.031381
0 0.723622 0.441235 0.438821 0.032749
0 0.723284 0.686780 0.442409 0.258234
7 0.571265 0.837198 0.134627 0.014714
7 0.160139 0.785883 0.244437 0.015432