3 0.740401 0.041993 0.339395 0.014493
0 0.801842 0.105894 0.281885 0.100362
0 0.802257 0.569843 0.280436 0.806329
7 0.762686 0.174257 0.200056 0.013152
1 0.074909 0.948979 0.016146 0.011437
1 0.361779 0.948931 0.017342 0.012331
1 0.331231 0.967325 0.530506 0.012186
4 0.211104 0.844511 0.287722 0.186969
4 0.499859 0.845936 0.289705 0.186727
0 0.205921 0.554626 0.281772 0.364106
0 0.504473 0.555278 0.280422 0.362681
1 0.354543 0.340193 0.579269 0.048237
1 0.074810 0.305356 0.016568 0.011944
1 0.370380 0.305356 0.017778 0.013490
4 0.207335 0.176002 0.280745 0.236981
4 0.502700 0.175610 0.280619 0.236196