5 0.712357 0.752243 0.419237 0.376224
1 0.567513 0.378079 0.105425 0.015868
0 0.705243 0.406250 0.379775 0.031579
5 0.562764 0.469914 0.099012 0.071276
1 0.715607 0.329237 0.423172 0.016658
4 0.716750 0.246704 0.429341 0.145461
6 0.715615 0.126309 0.419549 0.084750
5 0.247799 0.878178 0.418787 0.132697
1 0.248674 0.801303 0.172357 0.013553
0 0.248761 0.731605 0.443276 0.098526
7 0.066516 0.669026 0.076846 0.014447
5 0.248735 0.595849 0.444125 0.114461
7 0.087296 0.527671 0.116499 0.017763
0 0.248059 0.460901 0.440901 0.097461
7 0.098250 0.400164 0.139376 0.016329
5 0.249350 0.310289 0.440607 0.147105
7 0.069272 0.224625 0.080451 0.014671
0 0.249350 0.143539 0.440607 0.129158
1 0.639974 0.547717 0.183206 0.015039