3 0.319829 0.045348 0.386106 0.012977
5 0.269662 0.293191 0.405700 0.068964
0 0.270579 0.411550 0.403865 0.166691
6 0.138871 0.519677 0.141671 0.014164
5 0.269791 0.620136 0.404724 0.140391
0 0.701309 0.675550 0.405065 0.028055
1 0.268971 0.233548 0.313447 0.012750
4 0.269324 0.145109 0.355200 0.156982
4 0.700988 0.182914 0.330353 0.234136
1 0.700788 0.311145 0.221824 0.012418
4 0.701082 0.482561 0.368600 0.286386
1 0.700197 0.636514 0.247924 0.012300
4 0.305376 0.816702 0.321153 0.196914
1 0.160885 0.901434 0.012406 0.013041
4 0.648306 0.810809 0.353576 0.206945
1 0.487506 0.901216 0.012212 0.012605
1 0.484818 0.931070 0.835941 0.025295