8 0.513744 0.882886 0.833065 0.118591
1 0.433709 0.813680 0.654947 0.010932
5 0.729929 0.676911 0.404565 0.223577
0 0.729856 0.488248 0.405912 0.122986
0 0.298753 0.335911 0.404153 0.069795
0 0.231024 0.419777 0.270118 0.014273
6 0.167929 0.396032 0.144435 0.016045
1 0.514318 0.276564 0.724118 0.012336
4 0.514682 0.166561 0.404824 0.197805
3 0.688179 0.045568 0.369076 0.012655
5 0.299024 0.530259 0.406118 0.181791
0 0.300238 0.634425 0.404347 0.026114
7 0.203524 0.677975 0.214165 0.012023
7 0.138065 0.701993 0.083247 0.016295
0 0.298815 0.727707 0.404006 0.027932
5 0.299409 0.769409 0.403724 0.042555
5 0.730726 0.350614 0.405065 0.096582