3 0.757594 0.051835 0.221232 0.012633
7 0.640082 0.084835 0.253366 0.020430
0 0.712414 0.144266 0.397176 0.088937
7 0.570911 0.211361 0.114926 0.013835
0 0.712734 0.289943 0.397718 0.127810
7 0.567586 0.380778 0.107619 0.013127
7 0.623555 0.498873 0.219524 0.019873
0 0.712110 0.433158 0.396634 0.072241
0 0.712274 0.550348 0.396962 0.071152
7 0.630706 0.618133 0.233005 0.019658
0 0.712627 0.704759 0.397701 0.142582
7 0.629351 0.809057 0.231051 0.019582
0 0.712315 0.882665 0.396979 0.115152
0 0.289901 0.547291 0.397865 0.258405
7 0.149532 0.701025 0.113120 0.013747
0 0.291806 0.752886 0.399672 0.072051
5 0.284130 0.880247 0.362315 0.099835
1 0.143136 0.811677 0.080361 0.012747
4 0.291519 0.196392 0.399360 0.240278
1 0.288333 0.359551 0.391445 0.077278