3 0.317424 0.044748 0.381953 0.011386
6 0.234700 0.077564 0.335459 0.012909
6 0.658197 0.775059 0.317488 0.011836
7 0.156459 0.103018 0.175718 0.011482
5 0.224250 0.181932 0.313653 0.082164
0 0.254597 0.126852 0.373782 0.013432
0 0.269382 0.251205 0.403224 0.041473
7 0.131853 0.297134 0.126235 0.011841
0 0.233797 0.321314 0.331865 0.013027
5 0.270553 0.397523 0.403976 0.124964
5 0.280003 0.403161 0.383524 0.053159
5 0.270365 0.647416 0.402553 0.083423
7 0.167985 0.559555 0.200253 0.015182
0 0.269409 0.583748 0.403676 0.024268
0 0.269582 0.730920 0.403447 0.068859
5 0.269053 0.848964 0.402447 0.154518
5 0.284550 0.883666 0.373912 0.083505
5 0.613268 0.877130 0.230124 0.096459
0 0.701000 0.807098 0.404024 0.027814
5 0.701109 0.094355 0.403347 0.056864
5 0.716212 0.080330 0.373212 0.027068
7 0.575265 0.137091 0.150224 0.012591
7 0.637841 0.595936 0.277988 0.012536
0 0.700709 0.697793 0.404394 0.068286
7 0.670324 0.652886 0.341647 0.015382
0 0.701112 0.365470 0.405212 0.431714
0 0.700906 0.621464 0.400694 0.026691
7 0.165241 0.476505 0.194188 0.016945
0 0.270388 0.514357 0.404341 0.052323