3 0.603866 0.052847 0.499804 0.013068
7 0.236354 0.776294 0.286052 0.041275
7 0.143434 0.808864 0.096917 0.015076
7 0.172284 0.880069 0.155367 0.013851
7 0.558108 0.763573 0.092007 0.013687
0 0.710465 0.857809 0.394274 0.159533
5 0.292374 0.916452 0.393067 0.045278
5 0.292471 0.838889 0.394829 0.031389
1 0.396974 0.712652 0.604976 0.013965
4 0.698573 0.546540 0.390522 0.312298
1 0.522194 0.691496 0.018940 0.013270
4 0.305791 0.547443 0.382284 0.309129
1 0.131550 0.692216 0.017390 0.012437
4 0.305465 0.226414 0.381207 0.322146
1 0.131166 0.376730 0.020506 0.013662
4 0.697325 0.225997 0.390212 0.322980
1 0.521272 0.377222 0.019217 0.013131