3 0.794494 0.089968 0.214796 0.013304
4 0.223124 0.236967 0.270424 0.233102
1 0.098409 0.344842 0.014731 0.012030
4 0.506501 0.237156 0.276362 0.232774
1 0.378312 0.344760 0.013948 0.012295
4 0.782700 0.237125 0.260114 0.233367
1 0.662096 0.344723 0.014144 0.012219
1 0.499282 0.379407 0.825122 0.039269
4 0.291860 0.546992 0.409331 0.233834
1 0.097985 0.656406 0.015383 0.011400
4 0.707814 0.546917 0.409005 0.233228
1 0.513728 0.656236 0.013295 0.011438
1 0.498842 0.682037 0.824731 0.026772
0 0.288426 0.758783 0.404649 0.065259
0 0.708858 0.766419 0.403752 0.080050
0 0.288809 0.877623 0.404241 0.065284
0 0.709437 0.883020 0.404225 0.048638
6 0.275742 0.822762 0.376313 0.016091
6 0.647423 0.838178 0.276672 0.014691