3 0.316168 0.053340 0.334820 0.013548
6 0.652353 0.429937 0.252026 0.040707
7 0.647475 0.473630 0.241422 0.019255
7 0.643505 0.823422 0.236095 0.019192
0 0.722361 0.641471 0.393350 0.302538
0 0.722435 0.888403 0.395000 0.101301
0 0.722337 0.302551 0.394020 0.159369
7 0.653725 0.200619 0.257320 0.032273
0 0.722508 0.121610 0.394330 0.088396
1 0.248039 0.932443 0.284379 0.012134
4 0.303824 0.829545 0.397157 0.183308
0 0.303317 0.627955 0.393497 0.187980
7 0.246675 0.519880 0.280572 0.014457
0 0.303783 0.287102 0.395866 0.419230