3 0.254210 0.106936 0.268625 0.017494
0 0.277268 0.195042 0.426220 0.101882
7 0.168067 0.262272 0.206203 0.016871
0 0.277784 0.310282 0.426460 0.072314
7 0.197552 0.362902 0.265962 0.016763
0 0.277483 0.424371 0.426615 0.098525
7 0.266993 0.498645 0.404089 0.029808
1 0.122741 0.523741 0.114553 0.016691
0 0.277698 0.576085 0.426632 0.085192
0 0.721899 0.231049 0.425928 0.173369
7 0.715180 0.341667 0.411186 0.032374
1 0.573582 0.366013 0.126478 0.016007
0 0.722466 0.446930 0.424244 0.143213
6 0.683754 0.554059 0.297165 0.035000
0 0.722182 0.597788 0.426873 0.045120
1 0.277277 0.882854 0.427337 0.041343
1 0.721254 0.871295 0.360515 0.013933
4 0.277509 0.742572 0.424364 0.231451
4 0.722199 0.742788 0.422887 0.230492