3 0.258823 0.106942 0.277131 0.018681
0 0.278359 0.259430 0.425893 0.202386
7 0.158720 0.147566 0.188574 0.014341
7 0.131005 0.375773 0.131942 0.015743
0 0.278213 0.468112 0.426357 0.159676
7 0.207483 0.562800 0.284863 0.014065
0 0.277973 0.669712 0.425876 0.188010
7 0.170550 0.779880 0.211031 0.017650
0 0.278213 0.826763 0.426357 0.071535
6 0.722801 0.152338 0.375704 0.016067
0 0.722552 0.223429 0.427646 0.103381
0 0.721297 0.482392 0.427715 0.333297
6 0.694639 0.299580 0.317010 0.017146
0 0.721297 0.770755 0.427715 0.189233
7 0.697397 0.665312 0.375687 0.018321