3 0.693205 0.039857 0.435101 0.013967
1 0.733037 0.083420 0.168725 0.020143
8 0.777223 0.166271 0.262064 0.137102
0 0.209681 0.097162 0.262282 0.054394
6 0.170092 0.158616 0.171393 0.027162
0 0.201695 0.196140 0.243523 0.027767
5 0.208582 0.324899 0.263238 0.177375
7 0.154732 0.227975 0.151812 0.012625
1 0.205503 0.680238 0.256779 0.058931
4 0.205218 0.535184 0.257349 0.228397
4 0.261594 0.825048 0.375705 0.184347
1 0.278641 0.937987 0.401174 0.036401
1 0.704086 0.814733 0.321862 0.028800
5 0.707458 0.889335 0.370587 0.113017
0 0.777727 0.731686 0.269883 0.065986
7 0.737844 0.689727 0.187164 0.014561
0 0.777450 0.554947 0.266510 0.232625
7 0.719841 0.422916 0.153205 0.026449
0 0.776401 0.328741 0.266326 0.137078
0 0.496317 0.116894 0.245856 0.097447
0 0.492475 0.637019 0.261594 0.149929
0 0.492601 0.446205 0.262685 0.149893
7 0.462651 0.546912 0.202081 0.027910
7 0.438977 0.355962 0.154732 0.028409
7 0.392508 0.184246 0.063876 0.010819
0 0.494119 0.262061 0.266393 0.136473