5 0.728726 0.215911 0.422929 0.257688
6 0.728397 0.380026 0.224211 0.015482
7 0.600667 0.412695 0.185009 0.015482
7 0.611005 0.526354 0.204922 0.017199
5 0.728423 0.595911 0.440485 0.114782
7 0.544012 0.669075 0.071698 0.013897
0 0.728102 0.755159 0.440572 0.145746
5 0.738804 0.893930 0.423050 0.128098
0 0.727981 0.466955 0.441231 0.083369
5 0.262626 0.840727 0.420780 0.225469
1 0.262348 0.715145 0.171768 0.014280
1 0.261889 0.681400 0.217262 0.017279
4 0.255260 0.476995 0.450416 0.389630
1 0.262192 0.263844 0.275719 0.015694
4 0.257808 0.164439 0.453120 0.181057