0 0.258970 0.139053 0.447623 0.111563
1 0.260141 0.219040 0.175951 0.013179
0 0.260423 0.265490 0.426303 0.067457
6 0.260757 0.333265 0.054014 0.017523
7 0.261303 0.365828 0.104613 0.014623
0 0.261708 0.403146 0.428451 0.049550
7 0.075141 0.450894 0.075775 0.016252
0 0.261250 0.544503 0.449225 0.162781
0 0.737562 0.945417 0.445581 0.031311
5 0.737060 0.715848 0.430000 0.308013
0 0.734085 0.306914 0.449613 0.449616
1 0.734102 0.550722 0.176338 0.014927
1 0.263327 0.955338 0.152218 0.013960
4 0.267614 0.791987 0.365546 0.307232
6 0.736417 0.903722 0.162905 0.015921