3 0.796015 0.040137 0.226158 0.013480
6 0.772685 0.577025 0.247752 0.016496
1 0.744841 0.743242 0.137265 0.029620
5 0.779111 0.846283 0.229295 0.167815
0 0.770839 0.653195 0.254128 0.122494
7 0.684371 0.460914 0.079950 0.015321
0 0.774841 0.509376 0.262366 0.079964
7 0.714648 0.286354 0.142181 0.012589
7 0.690084 0.112856 0.092416 0.014002
7 0.475780 0.881116 0.226258 0.013658
0 0.210176 0.923480 0.264614 0.041330
7 0.171477 0.895338 0.185570 0.014477
0 0.210411 0.779739 0.264144 0.190879
0 0.490386 0.772969 0.257651 0.178337
0 0.494211 0.916888 0.265302 0.053563
0 0.757064 0.083587 0.226980 0.027055
0 0.775067 0.195819 0.263792 0.148646
0 0.776678 0.370267 0.267013 0.150653
1 0.232248 0.454353 0.307013 0.012007
1 0.203985 0.648064 0.251292 0.049501
1 0.492223 0.657648 0.263104 0.037577
4 0.349379 0.252803 0.570570 0.388789
4 0.210294 0.545748 0.262030 0.149097
4 0.490478 0.553023 0.258943 0.166734