3 0.148800 0.038058 0.121527 0.013432
2 0.178876 0.076229 0.178020 0.028468
1 0.637701 0.338664 0.532282 0.023504
1 0.500025 0.500778 0.256057 0.012625
1 0.779060 0.616960 0.249933 0.024964
4 0.627441 0.221764 0.517567 0.206188
4 0.502928 0.426971 0.263238 0.127292
4 0.785050 0.482648 0.263926 0.237910
0 0.220453 0.212993 0.265906 0.179454
6 0.173893 0.325938 0.161309 0.014204
6 0.157735 0.859513 0.127517 0.013088
6 0.446518 0.642815 0.138943 0.015843
6 0.458423 0.820588 0.165302 0.016615
6 0.753129 0.655368 0.187668 0.016770
7 0.754706 0.743872 0.201460 0.012423
0 0.222542 0.589810 0.267198 0.492518
0 0.219539 0.909929 0.262668 0.069881
0 0.502987 0.889662 0.263456 0.109062
0 0.501275 0.725552 0.262215 0.138064
0 0.499883 0.566776 0.257987 0.094905
0 0.787164 0.698213 0.267114 0.056045
0 0.786141 0.846591 0.263523 0.189929