3 0.214467 0.107188 0.189622 0.018501
4 0.274227 0.266487 0.416082 0.243789
1 0.078015 0.380803 0.017646 0.013261
4 0.709390 0.266487 0.446340 0.243789
1 0.496993 0.380402 0.018935 0.013609
1 0.500215 0.405641 0.520189 0.027542
4 0.201229 0.532530 0.270052 0.200048
1 0.077792 0.625869 0.018471 0.013537
4 0.471933 0.532968 0.265275 0.197782
1 0.349416 0.626187 0.016357 0.013453
4 0.770954 0.533118 0.327543 0.199137
1 0.615902 0.626013 0.015412 0.013825
1 0.499905 0.651463 0.627646 0.028273
4 0.220069 0.773501 0.304777 0.172422
1 0.076993 0.853903 0.019003 0.013177
4 0.528479 0.773351 0.307131 0.175216
1 0.386211 0.853327 0.017818 0.014928
4 0.808342 0.774017 0.247131 0.173861
1 0.693857 0.853681 0.017715 0.014197
1 0.501409 0.873555 0.654674 0.015288