4 0.517238 0.167730 0.634571 0.218341
3 0.783694 0.045430 0.177494 0.013477
1 0.729653 0.664586 0.403741 0.088573
4 0.630576 0.550589 0.220424 0.131541
1 0.535518 0.606927 0.013224 0.011882
1 0.270491 0.593232 0.329676 0.023991
1 0.298494 0.492614 0.403929 0.062945
4 0.298041 0.398486 0.403118 0.121809
1 0.110756 0.448770 0.014076 0.011995
1 0.319800 0.448389 0.012576 0.011395
4 0.622662 0.403670 0.203159 0.132168
1 0.534871 0.459818 0.015212 0.012091
4 0.841647 0.403500 0.205835 0.130736
1 0.754171 0.459611 0.012882 0.011977
4 0.843000 0.550589 0.198553 0.131541
1 0.754135 0.606736 0.013529 0.012045
8 0.299588 0.775950 0.404988 0.333300
5 0.731724 0.914202 0.400906 0.054032
5 0.731818 0.790568 0.400318 0.055227
0 0.730500 0.741868 0.405506 0.026136
0 0.730962 0.853255 0.404853 0.055464
1 0.514544 0.297170 0.834724 0.036623