3 0.647930 0.107266 0.455893 0.017626
4 0.277732 0.253135 0.422955 0.217734
1 0.278162 0.380588 0.370825 0.026475
4 0.721538 0.253669 0.425000 0.218825
1 0.721744 0.380114 0.286959 0.025624
4 0.277912 0.509245 0.422251 0.218561
1 0.277500 0.634550 0.245309 0.024305
4 0.721881 0.508837 0.424347 0.217938
1 0.723385 0.634748 0.332405 0.025012
4 0.277595 0.766607 0.422302 0.217866
1 0.277586 0.892278 0.283900 0.025444
6 0.657405 0.666757 0.243265 0.015120
0 0.722869 0.713153 0.425052 0.042542
6 0.603351 0.760731 0.133918 0.015612
5 0.726375 0.843219 0.419381 0.125935