3 0.612369 0.052456 0.499248 0.012639
4 0.502002 0.411566 0.648578 0.668283
1 0.189755 0.223182 0.015948 0.010505
1 0.407672 0.222658 0.018219 0.011831
1 0.622206 0.223453 0.016405 0.012412
1 0.188676 0.393018 0.017745 0.011414
1 0.407925 0.393258 0.018301 0.011212
1 0.621822 0.393283 0.015180 0.011970
1 0.188824 0.561862 0.017614 0.011730
1 0.407712 0.561237 0.018301 0.010808
1 0.622443 0.561199 0.014199 0.011414
1 0.188431 0.737071 0.014183 0.012828
1 0.407475 0.736547 0.016944 0.011427
1 0.622067 0.736730 0.014820 0.010783
1 0.498480 0.815461 0.806340 0.127563