6 0.228874 0.140025 0.270832 0.041869
3 0.538002 0.052513 0.640604 0.011515
7 0.157219 0.184432 0.123801 0.019091
7 0.199454 0.206932 0.207553 0.013131
7 0.151101 0.729318 0.111566 0.014444
7 0.185538 0.894324 0.181158 0.014003
7 0.555041 0.302153 0.081827 0.013952
0 0.291485 0.465878 0.396150 0.490518
0 0.292504 0.809085 0.395938 0.128068
0 0.292333 0.923535 0.394486 0.031970
0 0.710718 0.177184 0.395922 0.202879
0 0.710481 0.446951 0.395481 0.261806
4 0.709943 0.755057 0.396591 0.305417
1 0.681778 0.926098 0.339184 0.026616
0 0.291786 0.091477 0.395873 0.030909