3 0.274917 0.049435 0.229048 0.014179
4 0.204824 0.161833 0.200373 0.173050
1 0.408986 0.123607 0.186253 0.097801
4 0.302867 0.379699 0.397288 0.208490
1 0.304669 0.535271 0.398406 0.082566
0 0.304451 0.655103 0.397308 0.081760
7 0.261273 0.623600 0.310704 0.015440
0 0.303696 0.746804 0.400725 0.064721
7 0.194213 0.722500 0.178282 0.015205
0 0.304627 0.846459 0.398903 0.098021
7 0.149545 0.803805 0.088116 0.011657
0 0.727039 0.829479 0.400828 0.099340
7 0.572360 0.787361 0.088861 0.012493
0 0.726418 0.745220 0.397184 0.030587
7 0.615735 0.738028 0.174783 0.014971
0 0.726791 0.649194 0.400331 0.131848
7 0.568737 0.590872 0.082484 0.014413
0 0.726366 0.500814 0.398282 0.131833
7 0.597122 0.442669 0.139255 0.014780
0 0.726553 0.401525 0.399855 0.033050
7 0.594617 0.392625 0.134244 0.013402
0 0.726366 0.254890 0.398282 0.228314
7 0.610600 0.130345 0.166211 0.015557