7 0.106248 0.089372 0.127088 0.014616
7 0.095589 0.175522 0.106742 0.014193
7 0.122626 0.259583 0.157938 0.015437
7 0.072834 0.326845 0.062166 0.014854
7 0.599246 0.469537 0.178700 0.017619
7 0.635087 0.339517 0.251179 0.015331
7 0.642426 0.158485 0.264263 0.015093
7 0.603466 0.090317 0.186343 0.015079
0 0.730217 0.120106 0.441542 0.035370
0 0.728605 0.243968 0.440468 0.142778
0 0.727626 0.369563 0.440693 0.032460
0 0.727998 0.537910 0.441438 0.114127
0 0.262504 0.128697 0.440468 0.050066
0 0.262366 0.211925 0.441265 0.047341
0 0.261750 0.288849 0.440035 0.031984
0 0.261534 0.357474 0.439601 0.034709
4 0.501447 0.775668 0.857938 0.329563
1 0.261352 0.585642 0.413276 0.015278
1 0.493969 0.952348 0.269393 0.014299
4 0.261638 0.480165 0.451976 0.192950
5 0.694844 0.418505 0.372010 0.066296