3 0.128557 0.038088 0.081376 0.013895
2 0.349346 0.076004 0.529396 0.029442
6 0.188733 0.136556 0.189748 0.017173
7 0.189924 0.156989 0.202701 0.014216
7 0.405059 0.170321 0.066560 0.012185
7 0.444312 0.319685 0.144362 0.012292
7 0.435772 0.443314 0.126510 0.012660
7 0.779186 0.210837 0.251359 0.012815
0 0.220856 0.321467 0.263993 0.313290
0 0.504572 0.472114 0.264681 0.041188
0 0.504354 0.375909 0.268507 0.093195
0 0.502936 0.238593 0.262852 0.119537
0 0.496527 0.137755 0.249362 0.028599
0 0.786384 0.158076 0.266225 0.068670
0 0.773331 0.254323 0.240117 0.067886
1 0.211854 0.668438 0.244849 0.036235
1 0.213381 0.930796 0.249178 0.024679
1 0.381653 0.677957 0.018641 0.012613
1 0.381938 0.826882 0.018574 0.010582
1 0.499648 0.889477 0.253993 0.107530
1 0.742148 0.643420 0.175839 0.012993
1 0.786460 0.919382 0.263926 0.024656
4 0.784706 0.788052 0.261896 0.230713
4 0.785503 0.470689 0.263624 0.324917
4 0.504144 0.604032 0.265034 0.126164
4 0.503800 0.755831 0.265117 0.120475
4 0.217970 0.811128 0.255940 0.208314
4 0.218087 0.578676 0.257718 0.135998