3 0.241040 0.107974 0.243041 0.017530
4 0.284631 0.253639 0.422801 0.218813
1 0.084880 0.354347 0.018247 0.012770
4 0.715627 0.253124 0.422388 0.216847
1 0.515455 0.354347 0.016065 0.012770
1 0.500885 0.374460 0.569158 0.013333
4 0.284424 0.503651 0.421392 0.216942
1 0.085206 0.604466 0.017285 0.012266
4 0.716005 0.504029 0.422560 0.218633
1 0.515369 0.604293 0.016718 0.013046
1 0.499502 0.624221 0.696117 0.014341
4 0.296486 0.760971 0.448162 0.230959
1 0.084759 0.868273 0.018797 0.013429
4 0.728600 0.760947 0.400326 0.231751
1 0.541452 0.867968 0.016787 0.014496
1 0.500232 0.887662 0.634347 0.014772