2 0.222920 0.093970 0.128942 0.021463
6 0.217181 0.241172 0.116880 0.014648
7 0.201214 0.310874 0.086916 0.015163
0 0.279425 0.349092 0.398084 0.031247
7 0.203221 0.401728 0.089945 0.013645
0 0.279051 0.457554 0.397299 0.062019
7 0.261524 0.526104 0.207536 0.015894
0 0.279389 0.580379 0.398960 0.061924
7 0.202838 0.648577 0.089179 0.016531
5 0.278075 0.765684 0.399252 0.185298
7 0.632865 0.235068 0.123723 0.015528
0 0.692491 0.274011 0.397682 0.033062
7 0.668075 0.327568 0.191186 0.015813
5 0.692564 0.457371 0.399836 0.219458
7 0.607911 0.603713 0.071843 0.015528
7 0.587354 0.633760 0.186350 0.011531
5 0.694161 0.712209 0.398066 0.139810
7 0.568668 0.819573 0.149015 0.013537
0 0.692327 0.842425 0.396843 0.030867