2 0.439238 0.133918 0.426076 0.069545
6 0.172656 0.262518 0.150641 0.011336
6 0.695974 0.752652 0.333312 0.015095
6 0.579194 0.262941 0.099847 0.011209
7 0.147997 0.288409 0.101535 0.011509
7 0.182374 0.385361 0.169465 0.011405
7 0.150288 0.593598 0.106647 0.011095
7 0.171265 0.815616 0.146529 0.011605
7 0.581788 0.626270 0.106706 0.011677
7 0.613788 0.429620 0.169012 0.011777
7 0.578879 0.288248 0.102441 0.011777
0 0.298503 0.332807 0.404629 0.055541
0 0.298618 0.484264 0.403788 0.163664
0 0.298765 0.699452 0.403541 0.178032
5 0.254529 0.873205 0.315082 0.039364
0 0.255829 0.839168 0.317141 0.014218
0 0.730321 0.353368 0.404418 0.097336
0 0.729941 0.522441 0.404412 0.153418
0 0.730409 0.677650 0.405347 0.069427
0 0.730397 0.831945 0.402771 0.123182