3 0.809807 0.039412 0.196896 0.013860
1 0.704941 0.275338 0.406258 0.046995
4 0.691770 0.156413 0.391460 0.186983
1 0.702114 0.564620 0.398389 0.023634
1 0.644807 0.770837 0.206728 0.015618
5 0.704899 0.864460 0.366141 0.162340
0 0.699765 0.667387 0.399161 0.165249
4 0.703557 0.425428 0.406611 0.250808
7 0.157181 0.114982 0.156376 0.014739
0 0.279547 0.290107 0.400671 0.063302
7 0.187441 0.250861 0.214782 0.014240
7 0.260545 0.351010 0.363809 0.027981
7 0.132399 0.465903 0.106107 0.014584
0 0.244975 0.083646 0.331594 0.030024
0 0.280319 0.178076 0.401309 0.109715
0 0.279782 0.406574 0.403826 0.081770
0 0.281443 0.501437 0.406242 0.053183
5 0.275101 0.598064 0.394463 0.124228
6 0.218817 0.691033 0.271124 0.032043
7 0.111267 0.923213 0.064883 0.013979
0 0.280570 0.808379 0.405201 0.193266
0 0.275780 0.944240 0.391829 0.026936