3 0.788121 0.039501 0.242148 0.013753
1 0.756284 0.085048 0.214916 0.022637
8 0.776326 0.153563 0.262416 0.111971
4 0.199975 0.169264 0.241963 0.197245
1 0.198062 0.283254 0.238003 0.023468
6 0.175847 0.334869 0.184547 0.030594
7 0.181074 0.362197 0.204094 0.015297
6 0.207164 0.853426 0.247685 0.031793
6 0.493851 0.330641 0.255487 0.030926
7 0.425982 0.395374 0.128003 0.011912
7 0.451451 0.555986 0.179614 0.011473
7 0.420612 0.675439 0.117936 0.013610
7 0.709924 0.280647 0.132433 0.013622
7 0.751326 0.478153 0.215235 0.026948
4 0.775361 0.636722 0.263977 0.138789
1 0.759740 0.720612 0.232064 0.023789
0 0.212550 0.595909 0.266477 0.449299
0 0.207802 0.910006 0.256980 0.068373
0 0.493314 0.186449 0.265319 0.232637
0 0.482819 0.366847 0.243893 0.027613
0 0.491829 0.472316 0.260839 0.137435
0 0.493859 0.611681 0.264430 0.094264
0 0.460361 0.697369 0.197936 0.025618
0 0.767198 0.240220 0.246275 0.040914
0 0.772148 0.370042 0.257483 0.162150
0 0.776451 0.527007 0.264815 0.068409
1 0.466854 0.745333 0.135419 0.028670
5 0.640394 0.849691 0.507466 0.169026