3 0.499607 0.074821 0.073082 0.009445
7 0.230189 0.102374 0.280723 0.014143
1 0.713042 0.175635 0.176651 0.012503
4 0.713349 0.129383 0.401730 0.068533
5 0.204088 0.146665 0.231101 0.064599
7 0.108278 0.188570 0.038255 0.012725
5 0.287987 0.221843 0.397673 0.047855
4 0.288522 0.333274 0.360503 0.156313
7 0.283011 0.459982 0.392877 0.030493
7 0.112453 0.485469 0.051792 0.015327
0 0.286612 0.511498 0.399261 0.030641
0 0.287138 0.552090 0.400283 0.045684
7 0.108247 0.537219 0.042500 0.013946
7 0.272893 0.603058 0.367547 0.030037
1 0.289127 0.422010 0.217437 0.013687
0 0.287327 0.646535 0.400377 0.051295
7 0.108388 0.627448 0.040173 0.011911
4 0.286808 0.752312 0.371384 0.138483
1 0.286777 0.832670 0.398522 0.013921
7 0.209898 0.861862 0.240833 0.015018
0 0.286667 0.903446 0.397516 0.061615
7 0.112201 0.879236 0.047013 0.011985
7 0.108074 0.913379 0.040330 0.011985
0 0.711730 0.875943 0.398836 0.028557
5 0.641439 0.915148 0.229481 0.046005
7 0.689426 0.850536 0.353443 0.015524
1 0.711407 0.822774 0.299072 0.012454
4 0.711289 0.796640 0.401635 0.034710
0 0.711352 0.729698 0.399780 0.087263
7 0.532964 0.692620 0.040896 0.012565
0 0.711549 0.665801 0.400865 0.027904
7 0.535998 0.658083 0.046965 0.011899
7 0.536541 0.606344 0.050881 0.014094
7 0.709686 0.585586 0.393679 0.014747
0 0.711006 0.463958 0.399780 0.031023
7 0.532877 0.455037 0.040755 0.012072
7 0.535110 0.435062 0.048019 0.012614
7 0.635401 0.417947 0.245079 0.015080
1 0.712170 0.388952 0.300912 0.013490
4 0.711399 0.344291 0.401289 0.071443
7 0.535252 0.237602 0.042013 0.011899
7 0.531046 0.289920 0.034261 0.011973
5 0.618892 0.263736 0.209261 0.031887
0 0.716061 0.291757 0.332406 0.016190
7 0.702296 0.212491 0.373302 0.031788
0 0.713113 0.436554 0.304182 0.016165
4 0.712288 0.517016 0.400267 0.061011
1 0.713027 0.559094 0.183223 0.013231
0 0.711470 0.632657 0.400016 0.031134