3 0.745425 0.052235 0.246830 0.013763
7 0.680743 0.232677 0.331977 0.020707
6 0.625678 0.402525 0.223154 0.041061
7 0.259755 0.680833 0.327320 0.020960
7 0.258799 0.523996 0.325376 0.020492
6 0.210261 0.379066 0.233170 0.040884
6 0.218644 0.086187 0.245098 0.019369
0 0.293399 0.223024 0.396536 0.230821
0 0.292590 0.453750 0.395866 0.086086
0 0.293840 0.595783 0.396438 0.113131
0 0.293105 0.731585 0.394020 0.072285
0 0.712092 0.599735 0.397059 0.330101
0 0.711969 0.306256 0.395768 0.117033
7 0.588873 0.133699 0.148627 0.019975
0 0.711087 0.092336 0.395964 0.030152
0 0.712590 0.178453 0.396062 0.057008
1 0.174314 0.802241 0.127549 0.011528
0 0.300196 0.874539 0.380817 0.099205
0 0.704134 0.875985 0.380131 0.101515