0 0.196864 0.229505 0.283826 0.349155
3 0.172468 0.041667 0.165471 0.013430
6 0.186343 0.444366 0.259719 0.026486
6 0.480021 0.174263 0.249325 0.026159
0 0.495513 0.888762 0.281575 0.170302
7 0.451069 0.790556 0.192349 0.012101
7 0.685942 0.144505 0.063671 0.012778
6 0.706751 0.529493 0.105288 0.011643
6 0.702890 0.919771 0.099086 0.011329
5 0.797215 0.956033 0.274121 0.031872
0 0.197482 0.722989 0.283685 0.503273
0 0.494641 0.098152 0.282335 0.083382
0 0.495211 0.486667 0.282208 0.573261
0 0.793812 0.091600 0.281603 0.071824
0 0.794353 0.332880 0.281842 0.348176
0 0.793481 0.724203 0.280942 0.346643