1 0.486343 0.333813 0.491369 0.016698
4 0.489246 0.185511 0.682825 0.231790
7 0.136750 0.449967 0.209480 0.015716
5 0.251464 0.846492 0.441889 0.224973
7 0.151482 0.722918 0.237972 0.015279
7 0.614133 0.439324 0.229099 0.017772
7 0.534116 0.866771 0.070520 0.014602
7 0.550347 0.846194 0.102981 0.016313
0 0.717288 0.903203 0.440711 0.048793
5 0.718276 0.944914 0.441023 0.031737
5 0.718458 0.653554 0.440797 0.336658
0 0.718033 0.467719 0.440260 0.033024
5 0.251386 0.599390 0.443224 0.211326
0 0.252409 0.397520 0.442322 0.066021
0 0.252218 0.477719 0.439480 0.031167
5 0.739099 0.392288 0.402184 0.051260