3 0.498821 0.075493 0.262862 0.015795
5 0.287131 0.174692 0.400613 0.121319
7 0.141085 0.103490 0.107579 0.015166
7 0.127264 0.254340 0.081604 0.012996
0 0.285865 0.319908 0.399748 0.104377
7 0.175613 0.388385 0.175283 0.013440
0 0.286706 0.488101 0.400613 0.174994
7 0.270432 0.597485 0.367280 0.014871
5 0.201116 0.641227 0.227862 0.064057
7 0.147288 0.689852 0.123349 0.015857
0 0.203365 0.709131 0.231572 0.015919
5 0.286219 0.740968 0.399670 0.046671
0 0.283475 0.775487 0.392579 0.015734
5 0.286847 0.827842 0.399324 0.088163
7 0.286415 0.886745 0.397673 0.015931
0 0.287398 0.916566 0.399513 0.043268
0 0.711329 0.593002 0.399827 0.279840
7 0.544607 0.523144 0.065157 0.014057
7 0.580425 0.599562 0.139182 0.016609
7 0.546494 0.659612 0.069748 0.012515
7 0.115857 0.900703 0.057311 0.010949
5 0.579316 0.746597 0.134890 0.028829
7 0.552649 0.779636 0.080959 0.015869
7 0.569756 0.868662 0.117626 0.016609
0 0.634568 0.797787 0.243569 0.015598
5 0.590731 0.829513 0.152217 0.045758
5 0.790700 0.820598 0.105456 0.030814
5 0.710708 0.909026 0.396478 0.060740
1 0.713090 0.439772 0.324638 0.014168
4 0.709002 0.260592 0.380173 0.340691
4 0.597602 0.146363 0.151745 0.106806
4 0.819591 0.145512 0.156226 0.107793
4 0.596808 0.259673 0.152421 0.108767
4 0.820047 0.259716 0.157138 0.110629
4 0.596737 0.373958 0.153443 0.109938
4 0.820503 0.374180 0.158050 0.109494