2 0.570194 0.133989 0.692929 0.069859
6 0.156406 0.239868 0.120059 0.012309
5 0.299088 0.335373 0.406435 0.153882
6 0.194709 0.453630 0.195465 0.013132
5 0.298862 0.507191 0.405994 0.072355
6 0.160126 0.583614 0.127394 0.013045
0 0.298650 0.616593 0.405547 0.027677
6 0.141309 0.670441 0.089759 0.013900
0 0.283097 0.697045 0.371124 0.014082
6 0.194100 0.743693 0.193141 0.012414
5 0.298862 0.853132 0.405994 0.181682
5 0.727841 0.414725 0.405976 0.363050
6 0.629000 0.632450 0.201647 0.013200
5 0.730174 0.742316 0.405100 0.182459
6 0.603824 0.868518 0.151294 0.013127
5 0.730174 0.915493 0.405100 0.057459