6 0.285326 0.460624 0.402855 0.037314
3 0.265318 0.088720 0.338923 0.012472
0 0.289103 0.169647 0.405318 0.100605
7 0.224005 0.257844 0.276036 0.041009
5 0.288140 0.354987 0.407537 0.136305
0 0.287325 0.531797 0.405905 0.084502
5 0.287945 0.617289 0.405024 0.083934
7 0.224454 0.697856 0.277292 0.040202
0 0.288336 0.818638 0.405612 0.182320
4 0.710375 0.234987 0.405710 0.229798
1 0.709649 0.368058 0.404258 0.026734
7 0.699723 0.434647 0.386558 0.039332
0 0.709519 0.584401 0.406248 0.246003
0 0.710163 0.851816 0.407569 0.114300
7 0.702871 0.756910 0.389690 0.060177