2 0.498665 0.117502 0.548588 0.032895
6 0.191412 0.218757 0.189576 0.012023
7 0.147679 0.243684 0.101735 0.011741
0 0.299265 0.308991 0.402812 0.096236
7 0.182600 0.386416 0.169212 0.011450
0 0.298862 0.521520 0.403876 0.235541
7 0.147406 0.668077 0.097988 0.011727
0 0.298909 0.726459 0.403712 0.082364
7 0.150141 0.798161 0.106271 0.011886
0 0.729550 0.295484 0.402382 0.166850
7 0.713529 0.403991 0.369129 0.012445
5 0.731176 0.615198 0.403529 0.389468
0 0.298432 0.853082 0.404347 0.083173
7 0.626256 0.834609 0.194606 0.012273
0 0.730874 0.871959 0.404512 0.041709