3 0.148263 0.038990 0.119245 0.011615
2 0.149354 0.073854 0.117869 0.024382
1 0.810562 0.919074 0.183909 0.049549
1 0.514488 0.918848 0.365453 0.048670
4 0.517760 0.814175 0.371023 0.154572
4 0.818716 0.814317 0.199916 0.153646
6 0.129379 0.326544 0.070034 0.014228
0 0.221359 0.213302 0.267282 0.178361
0 0.209899 0.384044 0.246242 0.081318
5 0.218322 0.582666 0.265000 0.109751
7 0.192282 0.444537 0.207248 0.015012
0 0.217039 0.486692 0.255889 0.067352
0 0.219597 0.676146 0.263423 0.065665
0 0.205973 0.828147 0.237181 0.233563
5 0.498960 0.683135 0.258792 0.079644
7 0.427659 0.533302 0.111560 0.014204
0 0.501443 0.587821 0.259161 0.093290
0 0.785436 0.268112 0.265638 0.288029
0 0.786560 0.540802 0.267886 0.175974
7 0.765034 0.656312 0.222383 0.027328
0 0.785889 0.698153 0.263557 0.053551
7 0.758951 0.437013 0.211393 0.027637
1 0.486258 0.399080 0.219966 0.022530
8 0.503826 0.460944 0.262584 0.096188
8 0.503901 0.254430 0.263272 0.228765
1 0.493255 0.134121 0.235101 0.012114