5 0.249604 0.396877 0.428398 0.582321
1 0.251056 0.095000 0.174930 0.014244
1 0.725326 0.422016 0.284032 0.014430
5 0.680986 0.546552 0.336585 0.034058
5 0.676620 0.787288 0.331021 0.035822
0 0.724648 0.880444 0.430070 0.145504
0 0.724859 0.734582 0.426021 0.064549
0 0.725026 0.627838 0.429313 0.115942
0 0.722923 0.487633 0.425141 0.078952
7 0.539076 0.440656 0.055299 0.014469
7 0.541400 0.694012 0.057588 0.014125
5 0.722614 0.234702 0.428539 0.294576
5 0.144595 0.794469 0.201197 0.053873
5 0.248574 0.910968 0.427923 0.081592
7 0.099771 0.726519 0.103310 0.015928
0 0.153195 0.749881 0.210827 0.019814
1 0.173671 0.857706 0.185018 0.013979