3 0.148465 0.038112 0.121661 0.013017
2 0.179505 0.075707 0.183708 0.028088
0 0.221686 0.172732 0.267030 0.097482
6 0.220638 0.252856 0.254228 0.030843
0 0.221191 0.357328 0.264597 0.163919
7 0.136485 0.458498 0.094681 0.014620
0 0.218356 0.555036 0.260436 0.176817
6 0.165503 0.676390 0.143456 0.029097
7 0.189018 0.703521 0.199178 0.010629
0 0.219337 0.835517 0.259346 0.245546
4 0.503356 0.243248 0.262651 0.236520
1 0.499614 0.376841 0.255168 0.023040
4 0.503867 0.473973 0.264446 0.137470
1 0.491586 0.553456 0.237466 0.012399
0 0.503532 0.629614 0.263641 0.110392
7 0.454463 0.703236 0.165302 0.012601
0 0.505973 0.833688 0.268322 0.243741
1 0.784622 0.938569 0.260050 0.034430
4 0.785042 0.849240 0.262668 0.135677
0 0.787500 0.684721 0.266342 0.163242
5 0.707257 0.574703 0.106493 0.041876
0 0.783607 0.533135 0.257919 0.025582
6 0.741091 0.498723 0.164027 0.031651
0 0.787727 0.330285 0.264883 0.273587
0 0.770772 0.145356 0.232886 0.041235
7 0.759211 0.184353 0.210403 0.012767