3 0.499112 0.074914 0.074921 0.010666
0 0.711478 0.152947 0.398679 0.078348
7 0.588538 0.102096 0.155943 0.016547
5 0.287296 0.910185 0.396509 0.045475
7 0.128616 0.878440 0.082579 0.015697
5 0.286211 0.841708 0.396321 0.047238
7 0.125071 0.809772 0.076399 0.015179
7 0.106612 0.791671 0.039481 0.013748
7 0.247854 0.694661 0.323852 0.029667
5 0.192689 0.649932 0.210252 0.032589
7 0.137948 0.624914 0.102154 0.015401
5 0.276423 0.580573 0.378947 0.068150
7 0.128113 0.538015 0.082610 0.015314
7 0.156903 0.517589 0.138333 0.013403
5 0.251903 0.415734 0.329906 0.169322
7 0.154261 0.476227 0.095063 0.015314
7 0.147099 0.392522 0.084387 0.015228
4 0.288286 0.186948 0.377830 0.182972
1 0.288884 0.287195 0.342138 0.013650
4 0.711619 0.386714 0.400503 0.180012
4 0.710566 0.576708 0.399371 0.189815
1 0.521140 0.468767 0.012720 0.010012
4 0.711093 0.795949 0.400456 0.238286
1 0.521454 0.663385 0.012877 0.011184
1 0.520747 0.906887 0.013915 0.010666
1 0.712398 0.927670 0.400173 0.014032
5 0.712516 0.240055 0.399151 0.093995
5 0.288325 0.746042 0.397594 0.065154
7 0.109088 0.321782 0.047390 0.015524