3 0.748695 0.089779 0.306786 0.012648
6 0.678100 0.138361 0.338483 0.036116
6 0.699731 0.268071 0.383475 0.035586
5 0.708809 0.198026 0.404241 0.065460
0 0.708931 0.401192 0.405367 0.210454
5 0.708899 0.555902 0.406150 0.094628
0 0.708679 0.647957 0.406591 0.080378
7 0.631517 0.712932 0.252300 0.018499
0 0.709551 0.820921 0.403736 0.179445
0 0.288246 0.135422 0.404584 0.031753
7 0.255718 0.178846 0.336721 0.019559
0 0.288613 0.269502 0.405318 0.147049
7 0.231958 0.370511 0.289201 0.020416
0 0.288108 0.469420 0.405220 0.163682
7 0.260033 0.577320 0.346297 0.017818
0 0.288108 0.753115 0.405220 0.314880