3 0.539983 0.028185 0.670607 0.012556
7 0.093570 0.179225 0.118718 0.015033
0 0.719593 0.120377 0.440191 0.051510
7 0.551586 0.082861 0.105147 0.014940
7 0.671317 0.171762 0.340867 0.013881
0 0.719783 0.384258 0.441196 0.359722
7 0.596941 0.193344 0.194021 0.015748
7 0.604523 0.586742 0.209185 0.014675
0 0.721083 0.777735 0.442270 0.355444
7 0.519463 0.285510 0.035355 0.015974
7 0.541412 0.306437 0.079948 0.016079
7 0.544350 0.521755 0.085823 0.012702
5 0.253250 0.243536 0.439844 0.034358
0 0.253189 0.295199 0.440867 0.067642
0 0.252487 0.208649 0.439497 0.031974
5 0.253302 0.117060 0.438804 0.082517
5 0.255139 0.839715 0.443068 0.237523
0 0.253830 0.669298 0.442530 0.035894
7 0.187946 0.707841 0.307643 0.015470
7 0.140667 0.640642 0.213917 0.016834
1 0.254073 0.598159 0.440832 0.027391
4 0.254445 0.463278 0.446291 0.236437