6 0.207998 0.525751 0.204820 0.019684
6 0.651266 0.426926 0.252239 0.019078
7 0.661234 0.461376 0.275016 0.019167
7 0.210556 0.559324 0.209020 0.018725
7 0.191438 0.582014 0.170784 0.013371
7 0.199943 0.822247 0.187598 0.012904
0 0.302974 0.696755 0.394281 0.202096
0 0.302949 0.887929 0.395245 0.100909
0 0.303448 0.416364 0.397516 0.161894
7 0.151806 0.320777 0.093546 0.019684
0 0.303480 0.185499 0.394837 0.216553
3 0.232990 0.053883 0.150882 0.014432
0 0.721258 0.235372 0.395033 0.318018
0 0.722206 0.706168 0.394837 0.460947