3 0.304062 0.044639 0.354959 0.010177
0 0.268779 0.080298 0.402982 0.022632
0 0.269888 0.164082 0.405188 0.055636
0 0.268662 0.302941 0.403582 0.138691
0 0.701100 0.296398 0.402824 0.152386
0 0.700676 0.122475 0.403671 0.110905
1 0.484150 0.935930 0.252112 0.012641
4 0.310374 0.499584 0.328818 0.204805
1 0.165479 0.592650 0.014618 0.011318
4 0.483212 0.774645 0.629271 0.309073
1 0.484524 0.610977 0.640882 0.013345
4 0.654512 0.498916 0.352776 0.207095
1 0.493600 0.592784 0.012153 0.011577
7 0.138003 0.119443 0.140935 0.012405
7 0.185453 0.216816 0.234788 0.013377
7 0.621579 0.203091 0.244159 0.012800