3 0.223512 0.043980 0.193659 0.011241
1 0.252179 0.102161 0.359947 0.062977
8 0.269400 0.183568 0.402094 0.090555
0 0.269291 0.332914 0.404076 0.166418
5 0.270774 0.491995 0.404629 0.140136
5 0.616800 0.408036 0.233600 0.027155
0 0.700494 0.373555 0.403600 0.028364
0 0.700421 0.562573 0.404771 0.251982
0 0.680909 0.302300 0.362312 0.014473
0 0.653782 0.073991 0.269153 0.013364
8 0.700818 0.192236 0.406718 0.199436
7 0.159971 0.578607 0.184894 0.016177
0 0.269047 0.638780 0.403788 0.097005
1 0.484409 0.936266 0.467253 0.014214
4 0.673544 0.816855 0.370735 0.216273
1 0.502897 0.912964 0.011829 0.012173
4 0.296400 0.816970 0.372706 0.217305
1 0.126521 0.912802 0.013135 0.011841