3 0.498640 0.075524 0.083506 0.013958
5 0.228436 0.412084 0.285833 0.634871
5 0.203805 0.246961 0.196164 0.238360
5 0.190739 0.409316 0.169057 0.044525
5 0.163105 0.477219 0.110896 0.047928
5 0.230291 0.647922 0.284513 0.162454
5 0.239308 0.606732 0.266195 0.049766
5 0.177303 0.665549 0.144072 0.031221
5 0.711997 0.503015 0.404780 0.651924
0 0.286604 0.849383 0.401918 0.182219
5 0.584025 0.922244 0.146824 0.034057
0 0.710849 0.880265 0.401761 0.044279
7 0.551824 0.847226 0.082704 0.013711
7 0.233113 0.748471 0.292327 0.016498
0 0.711965 0.135043 0.402138 0.078422