3 0.220394 0.037631 0.263742 0.012292
2 0.353968 0.076342 0.528742 0.028907
0 0.218909 0.219899 0.260805 0.190297
0 0.502164 0.266871 0.263523 0.284857
1 0.218347 0.336253 0.248540 0.022387
8 0.221518 0.433504 0.261191 0.167910
6 0.215654 0.542637 0.243859 0.016651
7 0.209530 0.564371 0.242114 0.014608
0 0.219631 0.626740 0.261611 0.108658
4 0.219648 0.806384 0.259295 0.217233
1 0.218926 0.930588 0.260235 0.023432
1 0.638540 0.918860 0.535201 0.049026
4 0.636435 0.755297 0.539916 0.271425
6 0.775730 0.138931 0.232366 0.031188
0 0.786686 0.310760 0.266023 0.271734
7 0.755084 0.166378 0.202383 0.015036
7 0.726787 0.465665 0.145755 0.012684
7 0.445294 0.437518 0.148607 0.027957
0 0.503666 0.534495 0.265117 0.163622
0 0.786988 0.528409 0.266594 0.106152