1 0.638247 0.335214 0.532936 0.059715
4 0.442576 0.211473 0.145688 0.183872
1 0.408834 0.293664 0.017265 0.009964
4 0.632039 0.211686 0.187164 0.184299
1 0.607768 0.293438 0.018523 0.010416
4 0.833834 0.211686 0.186091 0.184299
1 0.806477 0.293717 0.015470 0.010546
1 0.490713 0.639602 0.238372 0.035000
4 0.503339 0.496348 0.263658 0.243622
4 0.787357 0.457102 0.265889 0.164086
1 0.773079 0.554293 0.237433 0.022981
1 0.468389 0.710909 0.184128 0.022696
8 0.503658 0.832530 0.262114 0.216651
1 0.221418 0.843076 0.254044 0.011283
8 0.222173 0.894792 0.263943 0.090701
0 0.221015 0.710594 0.265117 0.230689
6 0.159287 0.580926 0.128876 0.015487
5 0.198557 0.519846 0.223591 0.069644
0 0.217055 0.451989 0.259346 0.055713
6 0.174975 0.407666 0.161661 0.014905
0 0.221216 0.254715 0.267701 0.260475
2 0.279329 0.076473 0.381477 0.029264
3 0.147693 0.038901 0.121862 0.013242
0 0.784681 0.615938 0.261208 0.082470
6 0.779866 0.685469 0.241678 0.027280
0 0.776653 0.727381 0.246795 0.038729
5 0.748767 0.777126 0.191829 0.041401
7 0.765688 0.813213 0.223221 0.014382
0 0.787492 0.882476 0.265990 0.122577