3 0.224209 0.044802 0.194135 0.010823
1 0.074094 0.310320 0.012518 0.011277
1 0.254329 0.310048 0.012329 0.011641
1 0.541065 0.310364 0.014318 0.012282
1 0.484435 0.329150 0.755541 0.012564
6 0.658594 0.741705 0.323047 0.028882
7 0.582203 0.774100 0.163265 0.013282
7 0.170324 0.749473 0.204094 0.014018
1 0.268703 0.643184 0.289829 0.012868
4 0.269279 0.493159 0.325382 0.278818
4 0.153415 0.185036 0.172312 0.233645
4 0.386491 0.184252 0.277759 0.232705
4 0.717700 0.185093 0.367929 0.233541
5 0.269544 0.861011 0.405924 0.167859
5 0.269406 0.696470 0.402941 0.057777
5 0.700341 0.548334 0.405082 0.307432
5 0.700071 0.873464 0.404541 0.140382