3 0.213548 0.107254 0.189811 0.018201
7 0.252251 0.160288 0.327904 0.035779
0 0.277062 0.208969 0.427938 0.046930
0 0.722070 0.158771 0.425412 0.029412
0 0.713179 0.217980 0.354880 0.055719
0 0.720739 0.352740 0.427698 0.187854
4 0.170851 0.336990 0.206924 0.173525
1 0.077680 0.416277 0.017938 0.012242
4 0.385103 0.337296 0.207457 0.174736
1 0.292294 0.416037 0.016375 0.012290
1 0.277216 0.436751 0.363230 0.014676
4 0.290584 0.668393 0.450515 0.417266
1 0.077930 0.868363 0.016546 0.012074
4 0.730232 0.563711 0.411220 0.208957
4 0.729845 0.776259 0.408900 0.203118
1 0.539081 0.661001 0.015756 0.011571
1 0.539605 0.868501 0.016289 0.012734
1 0.499502 0.888094 0.345223 0.014221