3 0.207390 0.089836 0.221468 0.015132
7 0.185155 0.128714 0.196542 0.018260
6 0.628157 0.283966 0.239772 0.014338
5 0.288434 0.309332 0.405416 0.321816
7 0.217488 0.503411 0.262382 0.036633
0 0.289184 0.557421 0.405775 0.048739
7 0.167186 0.606658 0.161746 0.019294
0 0.288581 0.666311 0.404405 0.082863
7 0.173206 0.731765 0.172871 0.015788
5 0.288075 0.783953 0.404176 0.065839
7 0.118956 0.839912 0.065905 0.014754
5 0.288181 0.885240 0.405171 0.049243
5 0.594731 0.135605 0.175889 0.032875
7 0.558948 0.174325 0.100995 0.018487
0 0.709869 0.224868 0.404633 0.064414
0 0.709519 0.319142 0.404486 0.031854
7 0.672732 0.360107 0.329902 0.017894
0 0.709812 0.393682 0.403736 0.030517
5 0.709250 0.459332 0.404274 0.097251
0 0.709127 0.524729 0.404747 0.031526
7 0.557643 0.564035 0.101680 0.014653
0 0.709307 0.607503 0.404976 0.047440
7 0.595432 0.656343 0.174845 0.018462
0 0.709592 0.739420 0.403458 0.129433
7 0.595408 0.829168 0.174959 0.017503
0 0.709478 0.879136 0.403785 0.063670