3 0.760334 0.089767 0.283866 0.015271
0 0.709927 0.160889 0.406411 0.082812
6 0.589747 0.233985 0.163051 0.015132
0 0.708515 0.320441 0.403589 0.132837
1 0.545139 0.406614 0.060750 0.012724
5 0.709927 0.521185 0.394339 0.202194
0 0.288793 0.233600 0.405318 0.226696
4 0.288899 0.490750 0.403507 0.229218
1 0.176256 0.617383 0.178515 0.012900
4 0.291109 0.771652 0.407537 0.233594
1 0.098622 0.879641 0.016427 0.012623
4 0.708059 0.771822 0.409233 0.233405
1 0.514160 0.879079 0.015334 0.012055
1 0.476623 0.900025 0.781272 0.012156