3 0.655832 0.052652 0.420440 0.014318
4 0.291786 0.196862 0.395938 0.244331
4 0.710424 0.197595 0.397520 0.244735
4 0.710775 0.578422 0.396852 0.245884
4 0.709152 0.802210 0.395628 0.190657
1 0.525122 0.689880 0.016542 0.011376
1 0.525016 0.885720 0.018418 0.011237
1 0.709266 0.920152 0.389821 0.038813
0 0.292855 0.779312 0.398956 0.319154
7 0.188254 0.606181 0.186949 0.019129
0 0.292618 0.486521 0.395677 0.172184
7 0.196762 0.385025 0.203051 0.017172
1 0.270285 0.331812 0.348336 0.013447
1 0.704486 0.344407 0.384013 0.038662
0 0.710620 0.407708 0.396248 0.061149