1 0.489674 0.424074 0.255370 0.015979
4 0.490915 0.246091 0.769190 0.336176
8 0.491004 0.661708 0.916655 0.377083
1 0.491074 0.465532 0.280810 0.014717
7 0.079058 0.878581 0.100757 0.015769
7 0.058151 0.901794 0.058944 0.014179
7 0.057896 0.925401 0.060194 0.013377
7 0.050660 0.945854 0.047518 0.016255
0 0.232456 0.903765 0.284243 0.018778
0 0.162993 0.924928 0.147113 0.013771
0 0.252729 0.945808 0.350704 0.016846
7 0.522764 0.879277 0.040176 0.013824
0 0.725255 0.922930 0.446919 0.063127
7 0.558504 0.898850 0.111655 0.013627
0 0.662509 0.880677 0.233856 0.017963