3 0.498687 0.075475 0.234292 0.013884
7 0.237704 0.101942 0.302987 0.016289
5 0.160943 0.138046 0.148270 0.049926
5 0.374418 0.130284 0.194497 0.035314
5 0.244937 0.343847 0.319434 0.306856
7 0.169843 0.179723 0.166069 0.016584
7 0.145126 0.514649 0.116352 0.015413
5 0.196667 0.542293 0.216101 0.034205
7 0.127807 0.575395 0.082531 0.013058
0 0.286604 0.603403 0.402610 0.033218
7 0.150794 0.637244 0.127657 0.015475
5 0.287288 0.726110 0.402311 0.156042
7 0.137516 0.821702 0.099403 0.015413
0 0.287335 0.886455 0.401525 0.106449
7 0.656399 0.102053 0.288836 0.015746
7 0.544222 0.206498 0.064481 0.016572
0 0.712649 0.151708 0.402343 0.075327
0 0.710920 0.240518 0.400928 0.044118
5 0.712854 0.331930 0.398695 0.078434
7 0.552508 0.283317 0.081085 0.016153
5 0.711871 0.461887 0.399811 0.124735
7 0.604009 0.389556 0.183050 0.015832
7 0.577791 0.543699 0.132626 0.013613
5 0.712681 0.599624 0.397374 0.049211
7 0.589631 0.565820 0.158349 0.015758
0 0.712885 0.668656 0.397783 0.031640
7 0.531714 0.642688 0.042516 0.016227
4 0.710920 0.807028 0.282940 0.222910
1 0.712044 0.930025 0.246918 0.014501