5 0.287455 0.151532 0.408809 0.065637
7 0.211191 0.208985 0.251778 0.019206
5 0.287504 0.291173 0.407798 0.131248
5 0.287308 0.535725 0.406264 0.261185
6 0.279788 0.386412 0.385579 0.016431
6 0.259233 0.794149 0.343034 0.015233
6 0.573883 0.838216 0.130538 0.015170
5 0.714225 0.881211 0.393442 0.051854
5 0.709095 0.701778 0.405073 0.150694
0 0.708768 0.794697 0.403964 0.031362
0 0.709902 0.370467 0.407798 0.503228
0 0.288589 0.716791 0.404356 0.097087
0 0.288752 0.860151 0.404943 0.093745
3 0.312871 0.090221 0.434258 0.014414