3 0.868238 0.039281 0.081711 0.013812
1 0.201309 0.079293 0.236007 0.011722
8 0.211569 0.144632 0.263574 0.117173
5 0.780872 0.786200 0.231745 0.293064
1 0.722542 0.627423 0.088742 0.017435
1 0.771225 0.310867 0.255537 0.049145
1 0.775210 0.251924 0.262936 0.048124
1 0.491703 0.278676 0.259413 0.034287
1 0.487122 0.326859 0.250856 0.035380
4 0.412995 0.164412 0.103070 0.186520
4 0.546904 0.165095 0.160252 0.187316
4 0.717089 0.146995 0.147265 0.153254
4 0.859732 0.147001 0.098154 0.153242
7 0.167433 0.232619 0.176946 0.029561
0 0.210134 0.376164 0.264060 0.230428
7 0.115243 0.253539 0.072567 0.012304
0 0.210503 0.663658 0.267148 0.285344
7 0.143809 0.513664 0.129866 0.013694
0 0.199832 0.889899 0.242919 0.110178
7 0.158633 0.826829 0.158339 0.012922
0 0.492718 0.923474 0.263054 0.043029
7 0.450084 0.895220 0.176913 0.013290
0 0.489371 0.821532 0.258674 0.110570
7 0.426401 0.758480 0.129513 0.012233
0 0.489589 0.635618 0.258238 0.203373
7 0.463624 0.526473 0.206879 0.013658
0 0.494195 0.431431 0.265705 0.151318
0 0.773532 0.479471 0.261896 0.246781