3 0.758719 0.053201 0.216949 0.013144
7 0.556909 0.085859 0.091305 0.021338
7 0.576085 0.278460 0.128222 0.018788
7 0.588589 0.414564 0.151827 0.019785
0 0.711077 0.454968 0.396770 0.045694
0 0.710938 0.338125 0.395253 0.086604
0 0.710392 0.173277 0.395106 0.146250
1 0.290424 0.473434 0.394486 0.041818
1 0.314886 0.932538 0.439005 0.012904
4 0.296452 0.718756 0.399690 0.402917
1 0.109674 0.911471 0.017749 0.012109
4 0.707724 0.718523 0.399070 0.404470
1 0.519502 0.910707 0.017145 0.012273
4 0.291631 0.257614 0.401436 0.385051