3 0.499340 0.074982 0.171195 0.013539
7 0.118986 0.102293 0.065802 0.015018
5 0.286903 0.217719 0.399214 0.209815
6 0.157830 0.340025 0.139340 0.014254
7 0.125715 0.360481 0.075110 0.014525
0 0.287028 0.497090 0.401101 0.252799
7 0.119772 0.638884 0.064041 0.015179
5 0.288388 0.707670 0.397437 0.117361
0 0.286769 0.840900 0.400079 0.088681
7 0.127862 0.785727 0.079906 0.014809
7 0.112846 0.802694 0.049874 0.012441
5 0.288860 0.926486 0.402028 0.031665
7 0.147170 0.899895 0.118522 0.014908
5 0.713310 0.645937 0.400928 0.060234
7 0.551164 0.604346 0.081038 0.013798
0 0.710888 0.565937 0.400487 0.047213
7 0.559387 0.532133 0.095094 0.015512
0 0.710849 0.502478 0.401478 0.033120
7 0.570731 0.475943 0.121242 0.015956
5 0.687131 0.436159 0.348632 0.047460
7 0.552091 0.402109 0.081792 0.015265
7 0.577154 0.382195 0.131918 0.014747
5 0.711281 0.199205 0.402343 0.207657
0 0.710197 0.337491 0.400173 0.060999
4 0.711903 0.802380 0.343019 0.237337
1 0.712225 0.932694 0.344450 0.014661