3 0.223821 0.044566 0.193806 0.011114
5 0.269915 0.148636 0.405335 0.164064
1 0.484215 0.929705 0.837300 0.026891
4 0.325776 0.662693 0.200106 0.170068
1 0.236835 0.736775 0.012729 0.011550
4 0.545982 0.662861 0.210776 0.171505
1 0.452471 0.736316 0.012776 0.011650
4 0.325418 0.837782 0.206529 0.152864
1 0.237529 0.905445 0.014776 0.011609
4 0.592459 0.837670 0.306576 0.154850
1 0.456874 0.905548 0.013700 0.011814
5 0.701685 0.305639 0.404524 0.477750
5 0.614709 0.502664 0.225582 0.081836
5 0.701971 0.198727 0.403753 0.237300
1 0.269376 0.537655 0.403906 0.025345
4 0.273062 0.459864 0.414971 0.126336
5 0.269550 0.316884 0.408559 0.143550