3 0.149102 0.037886 0.120721 0.013230
2 0.420327 0.075629 0.666862 0.025653
6 0.163423 0.138676 0.140201 0.015903
6 0.162131 0.696140 0.137651 0.013943
7 0.133708 0.240493 0.089765 0.013385
7 0.443767 0.130855 0.143003 0.012589
7 0.413683 0.403979 0.083607 0.012138
7 0.464757 0.507470 0.184178 0.028955
7 0.709740 0.867262 0.390487 0.015570
7 0.573129 0.894982 0.119614 0.013337
0 0.704161 0.923385 0.380906 0.040190
0 0.290579 0.827577 0.403809 0.232732
0 0.218809 0.187761 0.261208 0.068254
0 0.221460 0.445879 0.265604 0.393729
0 0.502064 0.262577 0.260101 0.246960
0 0.496971 0.446259 0.252903 0.067696
0 0.504992 0.583884 0.266326 0.121948
0 0.786955 0.295125 0.268742 0.341865
1 0.770159 0.494733 0.223440 0.020487
8 0.787601 0.575077 0.262148 0.133480
4 0.699270 0.747666 0.391292 0.146686
1 0.625805 0.829857 0.224597 0.012043