3 0.498412 0.076258 0.264308 0.015080
4 0.286737 0.222565 0.396682 0.266436
4 0.710409 0.227176 0.400346 0.253785
1 0.287492 0.367824 0.402217 0.016165
1 0.711698 0.367688 0.400377 0.015006
6 0.711942 0.407035 0.160204 0.015351
7 0.639450 0.433872 0.257044 0.012947
0 0.286305 0.442651 0.400975 0.058989
7 0.153962 0.401289 0.136289 0.016338
0 0.287044 0.535580 0.401321 0.059692
7 0.140000 0.495308 0.106101 0.015647
5 0.583286 0.553921 0.144686 0.032281
0 0.711132 0.500099 0.403805 0.075092
1 0.461871 0.933995 0.388365 0.015191
4 0.466973 0.756819 0.679324 0.332972