3 0.159142 0.041932 0.137975 0.012899
0 0.197075 0.098164 0.280253 0.080990
7 0.133376 0.159046 0.151083 0.012754
0 0.197032 0.403412 0.281041 0.458780
7 0.166997 0.658732 0.220999 0.026908
0 0.197567 0.699396 0.282110 0.040628
6 0.174634 0.749940 0.236273 0.013527
0 0.197869 0.799807 0.281195 0.056957
7 0.091934 0.846208 0.067862 0.012512
0 0.198150 0.917548 0.281786 0.111111
0 0.495886 0.833327 0.280661 0.278442
0 0.793565 0.736679 0.280070 0.473188
1 0.476969 0.078412 0.217820 0.023273
1 0.768615 0.078671 0.203812 0.021763
8 0.495183 0.388116 0.277314 0.580580
8 0.793094 0.292011 0.276990 0.387717