1 0.484324 0.453265 0.790693 0.016754
6 0.717184 0.865506 0.346672 0.015007
7 0.717383 0.899888 0.099827 0.015204
0 0.716733 0.929067 0.419393 0.033535
5 0.609515 0.815499 0.226378 0.049369
5 0.680702 0.706905 0.368024 0.097674
0 0.716222 0.773686 0.440659 0.032392
7 0.522418 0.646261 0.050000 0.015335
7 0.543302 0.567457 0.092357 0.015782
7 0.615737 0.545269 0.236014 0.015007
0 0.716456 0.603187 0.440884 0.050447
5 0.249575 0.891689 0.441508 0.128896
5 0.725052 0.506728 0.423449 0.034928
7 0.055121 0.815795 0.050243 0.016452
1 0.249783 0.774074 0.423068 0.015848
4 0.249688 0.628016 0.443154 0.273167
4 0.483622 0.258285 0.789151 0.367477