3 0.231879 0.053074 0.153366 0.015518
1 0.285335 0.339564 0.361193 0.040316
1 0.688922 0.335657 0.325915 0.015556
5 0.303603 0.434893 0.394820 0.089684
0 0.302500 0.539893 0.397026 0.074785
6 0.194510 0.612386 0.164935 0.018586
7 0.159624 0.644198 0.108333 0.020038
7 0.164828 0.834369 0.120180 0.019495
7 0.583358 0.387904 0.118578 0.020126
0 0.303170 0.732569 0.398529 0.131907
0 0.302688 0.885701 0.395572 0.058497
0 0.721846 0.662891 0.394575 0.505152
4 0.307851 0.209785 0.416912 0.214823
4 0.722868 0.199261 0.407271 0.243674