5 0.626289 0.179424 0.236529 0.071463
5 0.276649 0.194400 0.425017 0.104844
6 0.143153 0.271229 0.106237 0.016942
7 0.174794 0.300570 0.221306 0.018309
0 0.265704 0.323603 0.403127 0.015935
7 0.587930 0.305516 0.155790 0.017386
0 0.723153 0.331547 0.426237 0.029880
0 0.721959 0.251331 0.426529 0.070384
6 0.661022 0.371697 0.251151 0.016247
0 0.721753 0.439275 0.429244 0.104353
6 0.631332 0.515821 0.193007 0.016247
0 0.721349 0.574532 0.427199 0.089137
4 0.285739 0.746619 0.425120 0.217938
1 0.085550 0.846739 0.021856 0.014125
4 0.715765 0.747032 0.422526 0.218789
1 0.515610 0.848747 0.021048 0.015048
1 0.500146 0.872620 0.829880 0.027734
3 0.717131 0.107314 0.318591 0.016211
1 0.277706 0.593112 0.364141 0.027566
4 0.278995 0.466595 0.424072 0.218225