6 0.203352 0.249949 0.194829 0.019798
7 0.243964 0.294160 0.276966 0.039735
7 0.285351 0.573378 0.359837 0.039482
7 0.283548 0.843327 0.357961 0.082841
7 0.667904 0.863971 0.288075 0.041932
7 0.650930 0.554817 0.255139 0.043245
6 0.660506 0.510928 0.275563 0.020265
3 0.221949 0.053119 0.136688 0.014747
0 0.301974 0.149457 0.395661 0.146540
0 0.302039 0.427222 0.394519 0.218081
0 0.302977 0.691888 0.397700 0.188775
0 0.302365 0.910701 0.396444 0.045215
0 0.720416 0.911288 0.396656 0.046389
0 0.720163 0.702216 0.396150 0.246730
7 0.700750 0.335928 0.354812 0.021730
0 0.720465 0.415574 0.395514 0.131932
0 0.720228 0.191004 0.395008 0.231578