5 0.254974 0.155020 0.419723 0.148742
7 0.658137 0.086132 0.315303 0.015285
7 0.570633 0.107225 0.140295 0.014927
0 0.718718 0.178967 0.440416 0.117642
8 0.485858 0.418225 0.899203 0.289298
1 0.484827 0.265000 0.288752 0.016252
0 0.714012 0.781841 0.438804 0.034702
5 0.652660 0.868589 0.320087 0.047669
7 0.546776 0.815517 0.103397 0.014609
0 0.617426 0.836285 0.246534 0.017152
7 0.592426 0.912974 0.194385 0.014556
0 0.713510 0.944318 0.438908 0.033404
1 0.246759 0.937993 0.293380 0.017152
1 0.714853 0.739583 0.424991 0.015192
4 0.716248 0.657305 0.426950 0.145974
1 0.614809 0.712570 0.020780 0.013510
1 0.823579 0.712894 0.021369 0.014583
4 0.250312 0.757589 0.395633 0.338623