3 0.832081 0.040154 0.153121 0.013800
1 0.719438 0.415095 0.083138 0.028456
5 0.777810 0.575012 0.226762 0.283444
0 0.206544 0.131900 0.257383 0.123420
0 0.211485 0.349816 0.265856 0.258800
7 0.127827 0.212892 0.098674 0.013717
0 0.494069 0.195107 0.263909 0.219477
7 0.472248 0.077417 0.221409 0.014691
0 0.494018 0.391894 0.264815 0.121888
7 0.419975 0.322565 0.114346 0.011496
0 0.493020 0.603931 0.262819 0.244608
7 0.410394 0.472791 0.098339 0.013183
0 0.776099 0.227892 0.265453 0.283622
7 0.774396 0.077239 0.261678 0.014335
4 0.209312 0.597553 0.261711 0.179311
1 0.200671 0.707738 0.244597 0.034786