3 0.723186 0.052708 0.307614 0.012765
0 0.711985 0.098605 0.395670 0.043119
6 0.250637 0.862184 0.313693 0.041061
7 0.652337 0.146181 0.276176 0.020846
7 0.669436 0.373087 0.306389 0.020770
7 0.629093 0.602563 0.229722 0.020758
0 0.712255 0.754842 0.397320 0.232487
7 0.593137 0.625000 0.159118 0.014621
0 0.712328 0.923655 0.396127 0.030568
7 0.572418 0.894331 0.115033 0.015783
7 0.228325 0.684924 0.264984 0.031465
7 0.208717 0.419987 0.227108 0.018712
0 0.293709 0.341926 0.397092 0.101250
7 0.179959 0.277096 0.169559 0.019545
7 0.160621 0.133138 0.132222 0.021275
0 0.293783 0.091723 0.395899 0.032285
0 0.292851 0.201383 0.396683 0.103699
0 0.292263 0.545612 0.396814 0.218952
0 0.292516 0.765316 0.397353 0.116768
0 0.293783 0.916515 0.395899 0.044848
0 0.712320 0.482992 0.396144 0.190606
0 0.711993 0.253965 0.396797 0.186439