3 0.499780 0.075703 0.185346 0.014168
5 0.613640 0.118853 0.203381 0.046338
5 0.712225 0.228866 0.399544 0.112947
8 0.575267 0.161208 0.126604 0.013292
5 0.687358 0.364655 0.350849 0.099889
7 0.566061 0.304704 0.110456 0.015573
7 0.150228 0.285851 0.127594 0.012885
5 0.260110 0.359309 0.344686 0.048187
0 0.286164 0.401412 0.402830 0.033798
5 0.236116 0.469686 0.297925 0.064155
5 0.287186 0.561449 0.398836 0.065660
5 0.256242 0.675592 0.341792 0.115721
5 0.277272 0.858132 0.380236 0.150912
0 0.165983 0.306498 0.159167 0.016326
7 0.128648 0.326547 0.082673 0.016030
7 0.109992 0.429131 0.045393 0.015672
1 0.287358 0.106702 0.335723 0.013379
8 0.287445 0.191708 0.397909 0.153157
7 0.141517 0.519279 0.109009 0.014957
7 0.142877 0.608995 0.112327 0.014044
7 0.156533 0.754488 0.138223 0.014377
7 0.115668 0.772127 0.056965 0.012392
4 0.710951 0.537540 0.374953 0.217719
4 0.712665 0.791067 0.378381 0.219470
1 0.711965 0.919864 0.400157 0.028113
1 0.710849 0.657497 0.380849 0.013859