3 0.677245 0.046877 0.388175 0.013862
6 0.305894 0.095996 0.295182 0.032425
7 0.254434 0.142331 0.195657 0.014309
5 0.279900 0.295068 0.396880 0.229187
7 0.140164 0.172663 0.119635 0.013726
0 0.279069 0.488347 0.398577 0.062818
7 0.152144 0.449289 0.143595 0.014051
5 0.279124 0.542188 0.397555 0.043780
5 0.692774 0.225644 0.398905 0.306789
0 0.693394 0.450000 0.396752 0.047371
7 0.590091 0.419241 0.191241 0.013550
7 0.582682 0.511836 0.176460 0.014133
5 0.545639 0.550589 0.102336 0.031260
1 0.452454 0.912046 0.746113 0.018130
4 0.212308 0.744499 0.264580 0.280352
1 0.090849 0.877541 0.012719 0.010068
4 0.486241 0.744309 0.263248 0.280705
1 0.364808 0.875854 0.013668 0.013062
4 0.759215 0.744255 0.264891 0.280596
1 0.636615 0.876972 0.013412 0.011206