3 0.274048 0.049274 0.228923 0.012801
4 0.201832 0.142867 0.194969 0.135000
1 0.115393 0.200880 0.012692 0.008915
4 0.402588 0.143087 0.195238 0.135440
1 0.316832 0.199853 0.013292 0.012757
1 0.303799 0.240814 0.397867 0.043739
4 0.304151 0.389406 0.395466 0.214707
1 0.303199 0.527427 0.395673 0.042654
0 0.304141 0.628900 0.399627 0.097273
7 0.171749 0.587720 0.085859 0.014208
7 0.210000 0.701048 0.208199 0.014208
0 0.304110 0.734714 0.398489 0.043152
0 0.304627 0.796349 0.399524 0.032815
7 0.175776 0.786891 0.139834 0.012786
0 0.726998 0.097375 0.397101 0.047419
7 0.569969 0.081752 0.081843 0.014150
0 0.725756 0.155499 0.397101 0.030528
7 0.572474 0.146628 0.088592 0.011173
0 0.664068 0.196290 0.272070 0.017097
7 0.569058 0.196415 0.080890 0.014707
0 0.725839 0.253160 0.398095 0.065733
7 0.623882 0.228292 0.192277 0.013065
0 0.726066 0.336100 0.398592 0.064282
7 0.598199 0.310565 0.140041 0.013065
0 0.726749 0.418094 0.398758 0.065249
7 0.582723 0.393864 0.110870 0.014531
0 0.725124 0.482559 0.398282 0.030103
7 0.569017 0.475828 0.081677 0.014531
0 0.726429 0.606708 0.398530 0.182155
7 0.572422 0.523776 0.087536 0.011422
7 0.646594 0.729567 0.188882 0.016085
0 0.725890 0.804912 0.398654 0.114106