3 0.691005 0.106241 0.373007 0.017974
6 0.171589 0.692446 0.215206 0.014772
7 0.159296 0.719347 0.185155 0.016319
6 0.591615 0.635204 0.164536 0.015540
0 0.722947 0.785282 0.429502 0.217158
7 0.553033 0.661781 0.088471 0.016463
0 0.277474 0.813363 0.423711 0.159796
0 0.721263 0.590486 0.427680 0.058597
0 0.277010 0.618705 0.425567 0.117170
1 0.499356 0.520737 0.870223 0.040156
4 0.193076 0.319868 0.191065 0.357506
1 0.122775 0.488435 0.018643 0.013153
4 0.397388 0.319347 0.185876 0.359892
1 0.326074 0.487884 0.017165 0.013273
4 0.592835 0.320120 0.175258 0.359712
1 0.542251 0.488465 0.016632 0.012614
4 0.790627 0.318921 0.198918 0.360743
1 0.781211 0.488675 0.016306 0.013633