3 0.258796 0.047547 0.205912 0.013713
5 0.303677 0.089004 0.396843 0.033184
0 0.306186 0.164451 0.400109 0.091260
6 0.231633 0.256938 0.094106 0.015718
0 0.304708 0.350122 0.398905 0.123984
6 0.295109 0.455264 0.220219 0.012263
7 0.268942 0.504072 0.170474 0.030501
0 0.305319 0.603672 0.395055 0.105989
7 0.202026 0.542595 0.190474 0.013022
7 0.148193 0.696267 0.080839 0.012398
0 0.305082 0.719492 0.395712 0.031856
7 0.163002 0.772940 0.111296 0.012629
0 0.305000 0.848801 0.395255 0.135217
7 0.608613 0.080955 0.173905 0.013022
0 0.719234 0.156938 0.395511 0.133577
7 0.553431 0.265075 0.065730 0.013997
0 0.719151 0.358455 0.396770 0.168238
7 0.709389 0.480400 0.222974 0.015298
7 0.615292 0.511192 0.190730 0.013252
0 0.718513 0.535088 0.396661 0.031558
4 0.719626 0.730339 0.399033 0.310000
1 0.597573 0.912331 0.154234 0.014553