3 0.319629 0.045877 0.384635 0.012882
4 0.269574 0.172009 0.371476 0.208682
1 0.270118 0.292339 0.404047 0.024595
4 0.269603 0.433266 0.393159 0.171577
1 0.269647 0.530618 0.280482 0.011709
7 0.152476 0.573986 0.128812 0.013082
5 0.277503 0.663582 0.417571 0.153218
0 0.269447 0.844716 0.403788 0.193650
1 0.691132 0.083323 0.364206 0.023082
8 0.700921 0.285032 0.400359 0.372573
1 0.679400 0.517050 0.341635 0.022264
8 0.701247 0.608470 0.401929 0.150950
0 0.701288 0.742443 0.403859 0.069077
0 0.700191 0.867320 0.403571 0.153886