6 0.255615 0.331890 0.193137 0.015260
0 0.255919 0.462597 0.419289 0.171948
1 0.254445 0.364604 0.103726 0.015468
0 0.254679 0.609656 0.441837 0.049987
7 0.072582 0.571994 0.075009 0.016169
5 0.243206 0.271214 0.418891 0.070818
0 0.106932 0.226838 0.145026 0.015649
0 0.100338 0.207019 0.131837 0.016532
5 0.158501 0.100922 0.250763 0.048468
0 0.254549 0.157760 0.441577 0.065286
5 0.719827 0.569760 0.441040 0.127338
5 0.721759 0.379727 0.443553 0.191013
5 0.720685 0.150201 0.441438 0.145026
0 0.721014 0.268357 0.440780 0.030506
7 0.605043 0.239942 0.207522 0.016169
7 0.718873 0.492435 0.436915 0.015494
4 0.486248 0.792604 0.885702 0.303831
1 0.487626 0.932377 0.390849 0.015299