2 0.481615 0.117093 0.511959 0.034977
6 0.272721 0.228293 0.350594 0.027359
7 0.240303 0.277027 0.287135 0.043255
7 0.158974 0.316130 0.122418 0.015505
7 0.265494 0.380975 0.337965 0.031186
7 0.251338 0.487836 0.309641 0.015609
7 0.264953 0.579250 0.334188 0.030100
7 0.237241 0.642073 0.277412 0.016073
7 0.195994 0.781339 0.195976 0.015477
7 0.582124 0.222091 0.104729 0.015836
7 0.617906 0.363641 0.176294 0.012509
7 0.685679 0.474339 0.315488 0.027141
5 0.730665 0.827816 0.403553 0.083350
0 0.730512 0.890652 0.402224 0.028377
0 0.730162 0.638375 0.404571 0.278732
0 0.729953 0.289441 0.404165 0.110164
0 0.729953 0.404609 0.404165 0.056527
0 0.298485 0.341427 0.403759 0.027555
0 0.299121 0.434900 0.405076 0.068982
0 0.298765 0.526586 0.404365 0.054309
0 0.299315 0.612707 0.403888 0.027905
0 0.298841 0.709286 0.403729 0.111045
0 0.299144 0.848523 0.404324 0.110800