3 0.498734 0.075444 0.263035 0.013773
5 0.287783 0.118187 0.399874 0.046979
7 0.186478 0.166067 0.197264 0.013317
7 0.125031 0.186258 0.075157 0.012959
0 0.286816 0.221473 0.400142 0.046498
7 0.120165 0.261615 0.064292 0.015290
5 0.199096 0.325869 0.220833 0.045771
0 0.287083 0.286042 0.401336 0.028779
7 0.127571 0.368181 0.080393 0.015179
0 0.287013 0.431202 0.401195 0.103835
7 0.152437 0.500419 0.132704 0.012355
7 0.127248 0.520210 0.081038 0.014032
7 0.106604 0.578496 0.040377 0.016400
5 0.223522 0.547035 0.269717 0.032811
0 0.286517 0.627287 0.400739 0.075068
7 0.137634 0.680401 0.099858 0.015080
0 0.287060 0.707145 0.400031 0.031159
0 0.286777 0.779988 0.401384 0.060123
7 0.127131 0.737275 0.081431 0.012602
7 0.256384 0.834408 0.338019 0.013822
7 0.125079 0.877811 0.075440 0.013724
0 0.287170 0.912602 0.400252 0.045401
0 0.225047 0.854846 0.275346 0.015783
5 0.711824 0.852707 0.397170 0.174414
7 0.678585 0.756837 0.331604 0.015943
7 0.531903 0.585395 0.040094 0.015055
0 0.712335 0.670777 0.399104 0.150407
7 0.587869 0.603903 0.150173 0.014488
0 0.711415 0.440136 0.400943 0.256794
0 0.711470 0.188483 0.400110 0.147596
7 0.577814 0.280993 0.131918 0.012910
7 0.552327 0.300925 0.081855 0.015882
7 0.552469 0.102423 0.079371 0.015943