3 0.745033 0.090340 0.315188 0.014552
0 0.709763 0.144193 0.403931 0.048941
7 0.238377 0.129161 0.305400 0.021122
0 0.288679 0.192314 0.408091 0.098752
0 0.289984 0.375050 0.408613 0.147629
7 0.209038 0.469880 0.247765 0.020719
0 0.288197 0.646059 0.406085 0.323569
7 0.241232 0.828947 0.311077 0.019685
0 0.289103 0.877289 0.406819 0.065246
0 0.711117 0.885769 0.407651 0.048916
7 0.659347 0.833569 0.306232 0.040303
0 0.710424 0.692680 0.407341 0.206570
7 0.669258 0.571816 0.323573 0.020151
0 0.710033 0.483670 0.407732 0.128651
7 0.597561 0.402591 0.181615 0.021728
6 0.662953 0.204647 0.311289 0.037213
0 0.710563 0.305151 0.407618 0.144351
7 0.280653 0.273972 0.388646 0.041084