3 0.198127 0.044902 0.163176 0.010963
0 0.703579 0.152969 0.421246 0.149641
0 0.268131 0.584030 0.419634 0.225202
1 0.246034 0.419858 0.374365 0.039389
4 0.268721 0.231508 0.358306 0.292815
6 0.203897 0.719414 0.289862 0.015164
0 0.267781 0.852651 0.419096 0.211725
7 0.103192 0.738860 0.088436 0.014093
0 0.703819 0.860995 0.418664 0.195793
0 0.703506 0.665025 0.420106 0.150756
7 0.539670 0.581247 0.088673 0.011398
7 0.601372 0.243511 0.212614 0.014225
0 0.705725 0.409950 0.422248 0.316259
7 0.521409 0.755038 0.051889 0.013728