7 0.094783 0.088243 0.114835 0.017697
5 0.256066 0.165395 0.441075 0.082579
5 0.253016 0.590776 0.416568 0.289053
5 0.730295 0.408066 0.420589 0.050737
5 0.706049 0.199579 0.409844 0.089000
7 0.565511 0.089678 0.124471 0.015724
0 0.723172 0.128553 0.441525 0.051579
0 0.720832 0.330520 0.440347 0.101408
0 0.718588 0.571414 0.439047 0.273145
0 0.152201 0.113138 0.230537 0.018776
7 0.094255 0.230447 0.115477 0.017026
0 0.255459 0.283743 0.441386 0.082776
0 0.254272 0.383987 0.439879 0.051526
7 0.121482 0.346711 0.174263 0.017816
0 0.717054 0.850697 0.441768 0.209105
7 0.572764 0.735046 0.148821 0.016303
0 0.250797 0.879342 0.424541 0.128947
1 0.250910 0.801329 0.100919 0.014974
6 0.252686 0.768276 0.222600 0.017289
1 0.254454 0.434033 0.172166 0.013934
7 0.568899 0.268849 0.135130 0.015118