2 0.551791 0.114527 0.647865 0.029836
6 0.170753 0.221930 0.145835 0.012359
5 0.297838 0.329170 0.401947 0.130659
5 0.225491 0.296752 0.257265 0.027486
5 0.298421 0.366218 0.403112 0.055964
6 0.180576 0.433191 0.165647 0.011791
0 0.298841 0.501011 0.404212 0.096350
7 0.227000 0.578448 0.258494 0.011877
0 0.298712 0.684330 0.404341 0.177786
5 0.299100 0.852602 0.404024 0.126532
0 0.295529 0.247070 0.398047 0.010968
7 0.640665 0.224200 0.223188 0.016400
5 0.730976 0.331357 0.403800 0.191205
7 0.614118 0.454702 0.170082 0.012277
0 0.728821 0.707027 0.406665 0.420918
0 0.688856 0.478389 0.320724 0.013405