3 0.499819 0.075395 0.294638 0.013477
0 0.287303 0.311480 0.400079 0.047990
7 0.123624 0.277565 0.074638 0.014710
7 0.207673 0.349556 0.240409 0.016128
7 0.211808 0.452404 0.250252 0.015635
7 0.531006 0.885043 0.043050 0.016400
5 0.711942 0.684624 0.398475 0.173933
7 0.550975 0.587515 0.082987 0.015623
7 0.577233 0.566017 0.132107 0.014451
7 0.645841 0.460444 0.269418 0.015166
7 0.638947 0.354772 0.256415 0.014994
7 0.651517 0.263459 0.281525 0.017028
0 0.286651 0.177552 0.401352 0.165980
0 0.287201 0.397195 0.399591 0.072910
0 0.287005 0.515216 0.399230 0.103896
0 0.712178 0.918483 0.399638 0.043946
0 0.712036 0.822571 0.400708 0.090617
5 0.712005 0.509353 0.397626 0.075105
5 0.712697 0.405111 0.399984 0.078730
5 0.712146 0.306338 0.398852 0.064414
0 0.712429 0.170764 0.397531 0.150777
0 0.288467 0.755518 0.399890 0.375327