3 0.232345 0.052771 0.153578 0.015088
0 0.302206 0.119268 0.394673 0.083914
0 0.302802 0.292247 0.395833 0.175429
0 0.303668 0.463561 0.395637 0.085278
0 0.303962 0.649653 0.394297 0.200038
0 0.303276 0.867374 0.393905 0.145960
0 0.722761 0.817367 0.395654 0.246679
5 0.723047 0.535202 0.398154 0.191237
0 0.722263 0.381477 0.396618 0.087500
0 0.722949 0.185404 0.396029 0.215455
7 0.205319 0.189249 0.197631 0.016250
7 0.233047 0.406402 0.254036 0.017096
7 0.180474 0.535372 0.151111 0.019735
7 0.204420 0.779893 0.194559 0.020240
7 0.634828 0.669072 0.221225 0.040341
7 0.685131 0.322702 0.320752 0.021010