3 0.265367 0.089124 0.338401 0.012346
0 0.289062 0.159641 0.403605 0.080214
7 0.170481 0.229325 0.168499 0.015498
0 0.222512 0.254483 0.270962 0.012774
0 0.201615 0.379489 0.228483 0.013859
5 0.289062 0.312970 0.403866 0.098827
5 0.271175 0.438020 0.371811 0.099723
7 0.132447 0.516185 0.089396 0.019458
0 0.288287 0.600265 0.403556 0.132661
7 0.263369 0.695277 0.352871 0.018953
0 0.288442 0.811677 0.403344 0.196166
1 0.620987 0.133380 0.211958 0.014502
5 0.683214 0.237238 0.339152 0.179344
7 0.578679 0.370019 0.142838 0.018298
7 0.607178 0.444218 0.198564 0.015195
7 0.676117 0.474741 0.337064 0.018083
0 0.709437 0.405183 0.404682 0.031223
0 0.709927 0.693190 0.403768 0.400858