3 0.793733 0.039964 0.230721 0.014561
4 0.211795 0.145903 0.266376 0.151734
1 0.208893 0.242803 0.261477 0.035606
4 0.209773 0.397726 0.260453 0.263052
1 0.208423 0.550974 0.258691 0.036603
0 0.212450 0.643931 0.267651 0.108765
7 0.127475 0.581300 0.097701 0.012910
6 0.185604 0.724436 0.203826 0.018658
7 0.205512 0.744567 0.255654 0.014477
0 0.208557 0.800659 0.259899 0.093575
5 0.202282 0.881823 0.251040 0.054240
0 0.208834 0.929691 0.262299 0.025344
4 0.601477 0.218937 0.499228 0.302435
1 0.630461 0.389857 0.539815 0.035701
0 0.776133 0.470392 0.266661 0.111734
7 0.720403 0.538100 0.152349 0.014584
7 0.694371 0.599175 0.100252 0.013789
0 0.771057 0.566223 0.254128 0.040618
0 0.773515 0.689198 0.257131 0.162862
1 0.746737 0.793468 0.144883 0.028242
5 0.780084 0.871698 0.228188 0.118527
1 0.478876 0.660511 0.234899 0.025059
4 0.491527 0.527678 0.267651 0.235238
0 0.483851 0.718800 0.243742 0.068337
0 0.491586 0.828171 0.262433 0.109525
0 0.494262 0.924252 0.263490 0.040238
7 0.410193 0.765226 0.099581 0.012874
7 0.474715 0.893426 0.225872 0.012221