3 0.750464 0.041703 0.319691 0.011812
0 0.205120 0.071437 0.278903 0.028019
6 0.174086 0.117627 0.215204 0.025229
7 0.144233 0.497929 0.155977 0.012379
7 0.422489 0.508200 0.116596 0.013696
7 0.500612 0.811950 0.272447 0.025109
1 0.205830 0.936926 0.280323 0.072669
4 0.204831 0.838780 0.282321 0.120652
1 0.203017 0.890272 0.096329 0.010809
4 0.205352 0.635622 0.286343 0.178684
1 0.200183 0.713321 0.090970 0.010266
0 0.205809 0.313533 0.281322 0.333442
0 0.206582 0.526365 0.281153 0.028430
0 0.503565 0.271274 0.280295 0.428152
0 0.503629 0.652929 0.279550 0.263176
0 0.503495 0.903798 0.279255 0.139650
0 0.801062 0.515217 0.281730 0.915338