3 0.197512 0.044216 0.163640 0.010963
4 0.267883 0.205485 0.383534 0.232040
4 0.712936 0.200457 0.365611 0.221190
4 0.712410 0.430353 0.363534 0.220378
1 0.702724 0.587424 0.417109 0.037683
1 0.517488 0.325460 0.011946 0.009710
1 0.517752 0.094887 0.012492 0.009798
1 0.267899 0.376634 0.417997 0.049994
0 0.702569 0.856351 0.422565 0.199301
6 0.623449 0.743048 0.261213 0.017091
0 0.268677 0.759940 0.420464 0.394641
7 0.143046 0.554351 0.169397 0.015290
0 0.270269 0.489323 0.423844 0.107223
0 0.702875 0.676266 0.423192 0.091134