3 0.254467 0.107182 0.269828 0.016619
0 0.277887 0.454149 0.425704 0.072350
0 0.277646 0.640474 0.425223 0.246031
7 0.156813 0.505504 0.183557 0.015036
7 0.147663 0.779718 0.164021 0.018165
0 0.277964 0.842146 0.424622 0.100671
6 0.673222 0.429329 0.273557 0.015947
0 0.722491 0.482644 0.425464 0.072626
6 0.729665 0.548100 0.392457 0.035024
0 0.722302 0.668807 0.427526 0.189245
6 0.583643 0.788627 0.094364 0.015624
0 0.723342 0.849137 0.428368 0.088393
1 0.500077 0.385078 0.637509 0.013082
4 0.214957 0.260390 0.297646 0.233177
1 0.077285 0.368807 0.017113 0.011499
4 0.523617 0.260090 0.310601 0.232602
1 0.381289 0.368267 0.015670 0.012050
4 0.809794 0.259335 0.247079 0.231811
1 0.697801 0.368585 0.015430 0.011607