5 0.729018 0.211286 0.407671 0.289436
3 0.725088 0.045432 0.295118 0.013573
0 0.729126 0.385780 0.405806 0.044723
0 0.730224 0.481500 0.406341 0.071182
7 0.624350 0.430911 0.192124 0.012823
7 0.646959 0.540680 0.235400 0.014032
0 0.731053 0.575750 0.404494 0.039600
5 0.730832 0.632457 0.404053 0.055486
0 0.730576 0.687895 0.404447 0.042373
5 0.729618 0.805680 0.404282 0.179714
0 0.729797 0.924464 0.404688 0.041827
1 0.298218 0.929514 0.404235 0.026155
4 0.297765 0.791209 0.406906 0.248236
1 0.298694 0.570925 0.405047 0.076759
4 0.296618 0.295025 0.353553 0.469705