3 0.129329 0.037761 0.083356 0.013385
2 0.417735 0.090344 0.657886 0.058242
0 0.217408 0.419240 0.258406 0.068765
6 0.147391 0.370903 0.108003 0.017720
6 0.766376 0.540629 0.216107 0.029454
0 0.786686 0.405018 0.268238 0.205238
6 0.687198 0.288735 0.056611 0.017233
5 0.499992 0.296164 0.260621 0.166152
0 0.220797 0.240125 0.266594 0.177732
0 0.502768 0.179477 0.267550 0.056461
0 0.503104 0.419471 0.265470 0.069252
0 0.782785 0.207185 0.260436 0.110879
0 0.784950 0.664596 0.263389 0.206128
1 0.360503 0.769270 0.544732 0.049489
4 0.368213 0.602019 0.565889 0.282067
8 0.363414 0.890172 0.545587 0.128302
4 0.786586 0.886099 0.261326 0.136425
1 0.767081 0.805202 0.218792 0.024014
1 0.240570 0.820428 0.293356 0.010689