3 0.223824 0.044427 0.194106 0.010027
0 0.269444 0.088145 0.403194 0.041682
5 0.270100 0.288805 0.403235 0.264545
7 0.175138 0.439925 0.215065 0.011777
5 0.269535 0.566707 0.403765 0.180314
7 0.112156 0.463520 0.090712 0.012095
0 0.269088 0.136459 0.402965 0.028464
5 0.701026 0.566477 0.406194 0.180764
7 0.676982 0.463173 0.356259 0.012527
5 0.623112 0.369841 0.246165 0.138791
7 0.646765 0.289316 0.294271 0.015759
0 0.701091 0.233920 0.404029 0.056677
5 0.700647 0.144168 0.402529 0.111336
0 0.700879 0.073409 0.404606 0.012164
4 0.303071 0.794307 0.258153 0.229677
1 0.214835 0.879423 0.012953 0.012291
4 0.618112 0.797384 0.361353 0.235832
1 0.455041 0.879625 0.013588 0.011832
1 0.485374 0.928486 0.833806 0.022391