3 0.186962 0.045969 0.062354 0.010556
4 0.307281 0.271118 0.400036 0.394404
4 0.715611 0.271714 0.400201 0.395407
1 0.115839 0.462392 0.013358 0.009797
1 0.526560 0.461213 0.011770 0.011504
1 0.511359 0.503550 0.810091 0.029241
7 0.278294 0.558110 0.187135 0.015732
7 0.226980 0.710691 0.085602 0.015528
7 0.602765 0.557425 0.165602 0.016043
6 0.653996 0.763821 0.111204 0.016179
7 0.637135 0.833733 0.080401 0.016626
0 0.686743 0.866294 0.330675 0.014241
5 0.718057 0.649959 0.397099 0.137154
5 0.305584 0.794058 0.398577 0.121667
5 0.305940 0.626972 0.400201 0.095190