3 0.498986 0.075691 0.250928 0.015549
4 0.287146 0.205006 0.321179 0.220764
4 0.711816 0.202182 0.308443 0.214081
1 0.286847 0.324975 0.243789 0.013896
1 0.710660 0.325111 0.398491 0.024772
5 0.287052 0.369155 0.399167 0.047657
5 0.192311 0.459488 0.212642 0.047485
5 0.288137 0.573681 0.399135 0.127485
5 0.287838 0.737096 0.400896 0.078607
5 0.287075 0.847244 0.400535 0.091282
5 0.242697 0.929790 0.309418 0.016621
5 0.714347 0.883859 0.404638 0.104809
5 0.699866 0.761073 0.379230 0.078792
5 0.712767 0.661492 0.400314 0.063354
5 0.667555 0.508083 0.309890 0.066104
5 0.711942 0.400277 0.401022 0.094858
0 0.710770 0.584457 0.398679 0.032367
0 0.216997 0.426788 0.260031 0.016091
7 0.123255 0.911116 0.073962 0.014834
7 0.149961 0.790234 0.126714 0.013391
7 0.117044 0.688089 0.060881 0.015758
7 0.210393 0.662164 0.246289 0.031258
7 0.127186 0.498305 0.078585 0.012022
7 0.166226 0.408693 0.159245 0.015166
7 0.581478 0.820857 0.141981 0.014760
7 0.589914 0.710906 0.159890 0.015993
7 0.541997 0.618557 0.064088 0.016671
7 0.551533 0.464069 0.078915 0.014402
7 0.561509 0.558046 0.098836 0.015351