3 0.499237 0.075764 0.262343 0.013773
7 0.109717 0.525450 0.047830 0.014673
5 0.286399 0.583798 0.402044 0.096572
5 0.712256 0.263477 0.402500 0.340271
0 0.710991 0.549852 0.405031 0.167324
7 0.618357 0.453847 0.216745 0.013120
1 0.286486 0.485524 0.399984 0.027645
1 0.499898 0.924353 0.824072 0.028681
4 0.237068 0.714285 0.249418 0.126572
1 0.122649 0.766307 0.011934 0.010321
4 0.499969 0.714155 0.249182 0.125376
1 0.388357 0.766369 0.012028 0.011282
4 0.762586 0.713699 0.250676 0.126289
1 0.649465 0.766048 0.012170 0.010641
4 0.370086 0.845166 0.248947 0.125203
1 0.259253 0.896455 0.013318 0.010592
4 0.633160 0.844531 0.249025 0.125758
1 0.521942 0.896874 0.012500 0.011036
4 0.183066 0.184334 0.201509 0.186227
1 0.118813 0.257423 0.012406 0.010530
4 0.390967 0.183964 0.208066 0.186400
1 0.329599 0.257707 0.013192 0.011492
4 0.182720 0.376301 0.201981 0.184316
1 0.118719 0.450888 0.012720 0.011418
4 0.390055 0.376060 0.206242 0.184723
1 0.329851 0.452022 0.013223 0.010999