3 0.691263 0.107122 0.370773 0.017506
0 0.634871 0.612074 0.250739 0.013141
5 0.638600 0.663261 0.258162 0.087362
5 0.722603 0.568058 0.428196 0.072566
0 0.722543 0.496043 0.429347 0.070815
0 0.277852 0.554784 0.427388 0.189209
0 0.204871 0.712542 0.282732 0.014988
6 0.281237 0.683477 0.380137 0.033669
6 0.255619 0.765552 0.330515 0.056619
6 0.602294 0.726679 0.134725 0.015995
5 0.726546 0.819748 0.422234 0.146283
0 0.278204 0.849053 0.427302 0.087674
1 0.278273 0.422374 0.269570 0.029305
1 0.722637 0.416865 0.372732 0.015647
4 0.277474 0.274502 0.425601 0.260420
4 0.720825 0.274197 0.423540 0.260264