3 0.190415 0.041606 0.201702 0.012850
0 0.197475 0.289052 0.280549 0.464915
0 0.198622 0.662850 0.281744 0.223502
0 0.197574 0.911147 0.282940 0.111208
0 0.495309 0.084595 0.282377 0.056002
0 0.495366 0.214251 0.280323 0.139734
0 0.494444 0.478062 0.279550 0.321800
0 0.793840 0.071057 0.282138 0.028442
0 0.793910 0.196395 0.281097 0.152814
0 0.794662 0.432663 0.281449 0.250423
0 0.793453 0.613502 0.280183 0.042705
6 0.139880 0.806824 0.164487 0.025628
7 0.088713 0.840042 0.061617 0.011292
7 0.102686 0.536745 0.089873 0.014167
7 0.379641 0.130574 0.048565 0.014022
7 0.391181 0.300936 0.071646 0.011389
7 0.690000 0.579378 0.071027 0.014239
7 0.733755 0.295423 0.160056 0.013575
7 0.741315 0.106039 0.174360 0.013406
1 0.506885 0.682246 0.278158 0.012705
8 0.644093 0.832494 0.573783 0.275205