3 0.223806 0.044636 0.193588 0.010218
7 0.137097 0.072905 0.138100 0.012200
0 0.269688 0.203968 0.404024 0.236600
7 0.112362 0.337382 0.090865 0.013436
0 0.269506 0.454834 0.403659 0.209586
7 0.156809 0.588602 0.177524 0.012223
0 0.269612 0.618093 0.403271 0.024768
7 0.145968 0.650182 0.157324 0.012336
0 0.269121 0.718745 0.402888 0.110573
0 0.269300 0.874434 0.405059 0.139741
7 0.155535 0.791359 0.175718 0.012618
7 0.615412 0.903718 0.231412 0.015764
0 0.701047 0.929277 0.403682 0.027936
0 0.700321 0.789580 0.405465 0.194532
5 0.699562 0.616357 0.403947 0.139795
0 0.700571 0.491070 0.405965 0.098023
7 0.660359 0.278750 0.321765 0.033391
0 0.701012 0.323395 0.403059 0.053409
5 0.700379 0.393995 0.404324 0.070700
7 0.576162 0.175582 0.155888 0.014173
5 0.623874 0.233984 0.251324 0.043368
0 0.629371 0.198850 0.263565 0.016036
0 0.701456 0.107398 0.405206 0.081905