3 0.312537 0.089508 0.432969 0.013871
0 0.289494 0.168083 0.407439 0.097604
0 0.288051 0.385132 0.409576 0.249206
0 0.289005 0.643607 0.409103 0.183884
0 0.288515 0.843487 0.406134 0.132547
0 0.709176 0.291469 0.402887 0.194615
0 0.709796 0.135517 0.408010 0.032270
6 0.266134 0.246349 0.356411 0.015372
6 0.687961 0.419231 0.359478 0.015132
7 0.168287 0.535145 0.164698 0.019899
7 0.137096 0.761110 0.099315 0.018436
0 0.709837 0.895233 0.405220 0.031980
7 0.557643 0.861475 0.100799 0.019697
7 0.588997 0.624552 0.163507 0.019950
0 0.709837 0.740378 0.405220 0.197150
0 0.709992 0.518291 0.406509 0.161854
7 0.575082 0.176368 0.135090 0.019849