4 0.711503 0.189179 0.353497 0.238510
3 0.767516 0.052134 0.184869 0.012626
1 0.285498 0.326376 0.380278 0.027197
4 0.713015 0.443807 0.332598 0.256174
1 0.558219 0.298314 0.018301 0.013548
1 0.562173 0.558415 0.019085 0.011780
1 0.711691 0.608144 0.395833 0.064470
4 0.288031 0.188371 0.371160 0.243813
0 0.292623 0.381648 0.395114 0.057437
7 0.236111 0.437109 0.279542 0.018914
0 0.292876 0.588712 0.397320 0.272980
7 0.288668 0.751578 0.385539 0.020076
0 0.293047 0.853018 0.395114 0.175126
0 0.711111 0.802014 0.395490 0.274028