2 0.256027 0.141455 0.376807 0.031920
0 0.206322 0.478291 0.282433 0.443877
0 0.206013 0.875447 0.280999 0.195000
0 0.504233 0.625199 0.280563 0.277355
0 0.503931 0.351437 0.282461 0.194227
0 0.802644 0.592675 0.280985 0.223442
6 0.193692 0.729813 0.255795 0.027452
7 0.092300 0.763303 0.052053 0.014529
7 0.429219 0.471643 0.130000 0.014034
1 0.801976 0.453527 0.279592 0.024831
4 0.802532 0.345175 0.278481 0.182742
4 0.504248 0.861063 0.278734 0.163309
4 0.802229 0.832639 0.279086 0.220592
1 0.504030 0.961147 0.280436 0.025217
1 0.802982 0.961117 0.280591 0.025906