3 0.813354 0.041836 0.194332 0.013478
0 0.801948 0.099257 0.281392 0.083635
5 0.802813 0.419517 0.279606 0.455169
6 0.711195 0.173539 0.097975 0.012609
6 0.181941 0.192947 0.231983 0.012415
6 0.148790 0.063370 0.167145 0.012222
0 0.205745 0.126896 0.281027 0.083333
7 0.100977 0.219390 0.070759 0.011848
7 0.094100 0.377633 0.056329 0.012367
0 0.206224 0.613412 0.281280 0.072428
7 0.188087 0.563484 0.243629 0.014432
7 0.466772 0.143098 0.204852 0.013466
7 0.438481 0.271310 0.148861 0.013514
0 0.205823 0.297343 0.280506 0.125749
0 0.205781 0.468376 0.281378 0.154432
0 0.503769 0.092258 0.281857 0.070845
0 0.504655 0.206727 0.282925 0.098261
0 0.503727 0.466407 0.281013 0.361365