3 0.166533 0.041926 0.138917 0.012476
0 0.197806 0.167349 0.280900 0.219432
6 0.135999 0.305882 0.157792 0.011787
7 0.178790 0.513792 0.242925 0.014275
0 0.495534 0.735604 0.280633 0.473599
7 0.435197 0.486008 0.159677 0.013514
0 0.495717 0.304281 0.281027 0.318370
7 0.432145 0.131467 0.152307 0.011510
6 0.715802 0.909179 0.124262 0.012101
6 0.716660 0.063315 0.126793 0.012138
0 0.197356 0.411141 0.281913 0.167065
0 0.196723 0.750592 0.280647 0.444855
0 0.494993 0.083822 0.280647 0.054529
0 0.792961 0.951292 0.281055 0.043068
0 0.793122 0.479692 0.282419 0.791171