6 0.631600 0.078016 0.266659 0.013186
7 0.550135 0.103300 0.103729 0.011845
5 0.700865 0.229873 0.404835 0.221218
7 0.585650 0.363498 0.172018 0.017105
0 0.703200 0.394405 0.408118 0.039709
7 0.584656 0.450732 0.170029 0.012409
0 0.700321 0.495534 0.404335 0.055105
5 0.700715 0.670182 0.405135 0.279836
7 0.548541 0.843620 0.099788 0.013095
5 0.702506 0.901532 0.400753 0.084327
5 0.269532 0.859830 0.404535 0.166232
1 0.269085 0.711061 0.404629 0.012495
4 0.267350 0.584214 0.420053 0.234782
1 0.269391 0.402641 0.343535 0.012345
4 0.269703 0.226652 0.431300 0.336077
3 0.304532 0.044525 0.355982 0.010450