4 0.717730 0.218349 0.440173 0.272776
1 0.717045 0.332046 0.420884 0.030039
6 0.717652 0.384743 0.098977 0.016355
0 0.717426 0.931105 0.442860 0.048921
7 0.540875 0.895822 0.086395 0.014697
7 0.545364 0.874717 0.096274 0.014618
5 0.715425 0.826184 0.440173 0.065395
7 0.592704 0.744079 0.192790 0.015447
7 0.525659 0.765118 0.056794 0.016816
7 0.523778 0.784283 0.053033 0.014461
0 0.612608 0.764474 0.113120 0.014105
0 0.716326 0.661382 0.444333 0.129658
0 0.716837 0.494388 0.422201 0.130539
1 0.717062 0.417882 0.100399 0.014737
7 0.549151 0.580474 0.105061 0.015158
4 0.251464 0.720559 0.438943 0.463882
1 0.249948 0.916171 0.421144 0.045079
1 0.098510 0.711289 0.021525 0.012947
1 0.265763 0.710651 0.020815 0.014250
1 0.400407 0.710967 0.019879 0.013592
1 0.154220 0.883605 0.021785 0.014763
1 0.311161 0.883217 0.021837 0.013987
0 0.250659 0.194987 0.441144 0.083158
0 0.250875 0.097605 0.440676 0.033553
7 0.078761 0.139559 0.094541 0.015697
1 0.250763 0.260572 0.173310 0.013697
5 0.250667 0.377842 0.422409 0.203395