3 0.499544 0.075734 0.262956 0.013909
0 0.286108 0.111541 0.399638 0.032035
0 0.286470 0.221825 0.400393 0.131541
0 0.287445 0.456603 0.402280 0.270543
0 0.711384 0.443983 0.401321 0.061850
5 0.694858 0.385894 0.319214 0.049642
5 0.724497 0.544162 0.376604 0.138138
7 0.624874 0.636258 0.226604 0.016313
5 0.662233 0.748089 0.300377 0.120370
0 0.711108 0.891116 0.401903 0.058804
7 0.681171 0.827626 0.338255 0.015771
7 0.538892 0.851289 0.058412 0.014809
0 0.712099 0.676732 0.398915 0.015512
7 0.565684 0.658896 0.110959 0.014661
1 0.287877 0.916350 0.212610 0.014772
4 0.288388 0.753298 0.407437 0.302947
7 0.173844 0.145462 0.174167 0.015166
7 0.153325 0.309482 0.131777 0.014427
1 0.711289 0.334827 0.306415 0.014316
4 0.715645 0.208046 0.408459 0.230345