1 0.491153 0.335577 0.920405 0.030734
1 0.729199 0.653519 0.356884 0.014299
4 0.726981 0.500799 0.465299 0.284587
4 0.491426 0.191514 0.765845 0.250498
0 0.727544 0.937018 0.449208 0.034299
7 0.607421 0.908938 0.206637 0.017221
0 0.728002 0.794941 0.450229 0.194391
7 0.575889 0.687497 0.139912 0.016750
5 0.254076 0.862602 0.448151 0.183159
0 0.254252 0.751953 0.449665 0.032503
0 0.109454 0.693919 0.158908 0.019423
0 0.215185 0.643008 0.370335 0.018807
5 0.170290 0.562765 0.282905 0.082595
5 0.242368 0.472326 0.424701 0.036081
7 0.140766 0.511415 0.219137 0.016540
7 0.067280 0.443047 0.074525 0.015033
7 0.068732 0.621245 0.076268 0.017169
7 0.063636 0.672346 0.064912 0.015518
7 0.139454 0.423368 0.218908 0.015832
0 0.230308 0.393218 0.398222 0.020118
7 0.068336 0.372359 0.074278 0.015046
7 0.072658 0.724063 0.085810 0.014626