4 0.497524 0.228206 0.577311 0.276363
3 0.498616 0.075425 0.264465 0.015018
1 0.499528 0.376554 0.252704 0.015302
4 0.499182 0.529069 0.547421 0.238286
1 0.498939 0.398940 0.498003 0.016646
6 0.287634 0.813107 0.276588 0.016400
6 0.160566 0.843594 0.149969 0.013748
0 0.287146 0.907750 0.406336 0.059248
7 0.124929 0.865000 0.076777 0.013379
7 0.286659 0.686067 0.399230 0.028212
5 0.286840 0.740888 0.399623 0.078002
7 0.543836 0.679026 0.062642 0.015635
7 0.553632 0.698859 0.083208 0.015943
5 0.605487 0.746652 0.185000 0.074365
7 0.540110 0.801887 0.061006 0.015191
5 0.712036 0.844408 0.400016 0.062330
0 0.712052 0.918619 0.400770 0.032700
7 0.549662 0.892663 0.078884 0.014895