3 0.752072 0.052500 0.204372 0.012500
7 0.547219 0.083542 0.065987 0.013952
0 0.710155 0.131888 0.395579 0.073144
7 0.576917 0.193011 0.128157 0.012083
0 0.710155 0.298188 0.395579 0.185669
7 0.613915 0.414987 0.200294 0.013737
0 0.710987 0.479223 0.395383 0.101806
7 0.577382 0.552222 0.127227 0.015480
0 0.710987 0.615455 0.395383 0.101515
0 0.292635 0.566768 0.394927 0.204015
5 0.208613 0.420739 0.225938 0.056982
0 0.291607 0.362936 0.394731 0.030846
7 0.151713 0.335833 0.113051 0.013460
6 0.216786 0.306237 0.244796 0.029773
6 0.184763 0.083062 0.179902 0.014028
0 0.292039 0.185183 0.395302 0.173826
1 0.174217 0.852961 0.127814 0.013699
1 0.193638 0.716446 0.166656 0.013119
5 0.299486 0.758504 0.379396 0.039003
5 0.702455 0.752279 0.380016 0.028169
5 0.299910 0.901705 0.380571 0.052424
5 0.702512 0.895347 0.382088 0.040619