3 0.332591 0.047148 0.338650 0.011911
0 0.304936 0.089322 0.396734 0.031978
7 0.276031 0.141944 0.183120 0.012507
0 0.306442 0.227751 0.400620 0.125637
6 0.306980 0.333970 0.221624 0.015393
7 0.239334 0.372541 0.109726 0.012832
0 0.304069 0.657141 0.398467 0.524201
5 0.719024 0.787392 0.397391 0.259526
7 0.569927 0.633313 0.093978 0.013726
7 0.642546 0.447900 0.092062 0.011843
7 0.640867 0.218557 0.084361 0.015325
0 0.720255 0.127005 0.399854 0.108618
0 0.719462 0.325420 0.400018 0.166694
0 0.719562 0.534885 0.398467 0.125407