3 0.819233 0.041709 0.182855 0.013200
0 0.802370 0.321643 0.281027 0.528116
6 0.788657 0.610670 0.252560 0.012428
7 0.735999 0.639306 0.148059 0.014432
0 0.802257 0.812983 0.281392 0.321232
1 0.234311 0.560079 0.337398 0.012790
0 0.503896 0.785000 0.282729 0.376739
6 0.201688 0.796359 0.271758 0.012766
0 0.205788 0.895127 0.280942 0.153466
0 0.206231 0.680719 0.280844 0.168394
4 0.160977 0.180217 0.188059 0.246473
4 0.356301 0.179517 0.189592 0.245072
4 0.550886 0.180115 0.186104 0.246244
4 0.160331 0.440634 0.187947 0.167742
4 0.356421 0.427977 0.191013 0.239795
4 0.551850 0.428243 0.186821 0.239287