1 0.495156 0.440552 0.456655 0.017319
4 0.500711 0.247871 0.840451 0.364573
7 0.112426 0.886012 0.134939 0.014415
7 0.199870 0.908463 0.309827 0.016478
7 0.185477 0.756117 0.284125 0.016938
7 0.251898 0.659382 0.417730 0.015926
7 0.200095 0.569809 0.317244 0.033364
7 0.594151 0.592707 0.172426 0.014034
7 0.610841 0.693239 0.204142 0.016202
7 0.709679 0.903804 0.400156 0.012024
5 0.730745 0.935269 0.442738 0.031537
0 0.728804 0.793489 0.443882 0.177700
0 0.728778 0.637444 0.441092 0.063298
0 0.727002 0.521202 0.439757 0.094652
0 0.261352 0.508338 0.440208 0.066399
0 0.261958 0.614724 0.438094 0.049869
0 0.262686 0.704290 0.440659 0.065480
0 0.263007 0.816386 0.441612 0.096216
0 0.265511 0.936682 0.440173 0.031919