6 0.776702 0.377488 0.245837 0.012246
0 0.793671 0.439179 0.279803 0.080966
7 0.741477 0.503998 0.175415 0.014010
0 0.793762 0.712633 0.282321 0.388889
7 0.718214 0.929940 0.129677 0.013406
0 0.793685 0.958829 0.280591 0.027995
0 0.197489 0.432591 0.281392 0.124553
0 0.197229 0.751322 0.280900 0.447886
7 0.182883 0.514559 0.253446 0.015616
0 0.495506 0.545399 0.281252 0.350193
0 0.495999 0.860513 0.282236 0.222017
7 0.428495 0.736969 0.147257 0.016135
4 0.496224 0.179952 0.881167 0.257681
3 0.159170 0.041540 0.138622 0.013225
1 0.496399 0.331244 0.877693 0.039758