3 0.262162 0.047324 0.214580 0.013699
4 0.250912 0.211335 0.287482 0.271748
1 0.304790 0.380711 0.395237 0.026843
0 0.304142 0.472730 0.398431 0.065217
0 0.306168 0.627019 0.399015 0.093279
7 0.217099 0.541463 0.067518 0.013442
7 0.224115 0.571213 0.079726 0.013455
7 0.237254 0.709837 0.106880 0.013442
0 0.253394 0.726138 0.293139 0.013252
5 0.211040 0.826917 0.209745 0.185976
5 0.717290 0.750698 0.400529 0.341179
5 0.613641 0.118123 0.191807 0.093428
7 0.653458 0.204058 0.110420 0.014648
0 0.718923 0.349912 0.396752 0.121775
7 0.640593 0.281199 0.105383 0.014539
0 0.717609 0.480779 0.397044 0.047764
7 0.678869 0.449058 0.161971 0.015136
7 0.680420 0.543218 0.163613 0.015027
7 0.654416 0.572276 0.267701 0.013821
0 0.719270 0.227453 0.396533 0.031192