3 0.198917 0.044770 0.164674 0.011001
0 0.268099 0.510740 0.420350 0.102072
0 0.268282 0.677931 0.419023 0.181026
0 0.268359 0.875346 0.418966 0.165705
0 0.703868 0.912780 0.418958 0.090057
0 0.703290 0.830035 0.417801 0.029641
1 0.702748 0.747985 0.422060 0.077317
1 0.259862 0.376486 0.402752 0.063161
1 0.697797 0.389402 0.408819 0.088451
4 0.268066 0.202730 0.400318 0.241442
4 0.702960 0.202494 0.397972 0.240957
4 0.700859 0.574924 0.398445 0.227103
7 0.593310 0.859723 0.199764 0.013791
7 0.214540 0.784581 0.308721 0.014326
7 0.224096 0.580041 0.327834 0.013445