6 0.670206 0.395805 0.345282 0.029400
5 0.268862 0.600566 0.404865 0.152777
6 0.168579 0.713327 0.202606 0.012009
5 0.269129 0.752741 0.403694 0.041427
5 0.689450 0.080686 0.382735 0.028445
6 0.575476 0.131084 0.151612 0.013114
7 0.600171 0.157220 0.202600 0.014732
5 0.700526 0.200530 0.403312 0.055641
7 0.593115 0.254320 0.186053 0.013741
5 0.701332 0.311686 0.404888 0.083382
5 0.700703 0.596434 0.404324 0.348805
1 0.269126 0.325818 0.403500 0.038136
4 0.144018 0.122020 0.164353 0.119714
1 0.073962 0.174007 0.013429 0.010859
4 0.356585 0.121505 0.248641 0.119827
1 0.243779 0.174114 0.013465 0.011382
4 0.286035 0.244418 0.277224 0.121264
1 0.161600 0.294509 0.014141 0.012182
3 0.238115 0.045836 0.222312 0.013355
1 0.269715 0.487148 0.403747 0.037195
4 0.272029 0.408989 0.260671 0.114868