2 0.344473 0.203397 0.496651 0.033699
6 0.287736 0.321387 0.113553 0.013132
6 0.288695 0.628496 0.271415 0.014229
7 0.125157 0.349112 0.074686 0.013785
7 0.140354 0.411695 0.107186 0.012861
0 0.286470 0.375240 0.400110 0.030259
5 0.286706 0.510444 0.399009 0.172848
5 0.268467 0.456862 0.326525 0.032096
5 0.223223 0.526547 0.234088 0.075314
5 0.230700 0.527195 0.215991 0.045314
4 0.709332 0.397676 0.399890 0.186572
1 0.711148 0.507571 0.401604 0.027670
5 0.590810 0.913249 0.155770 0.030370
5 0.711635 0.821165 0.401981 0.097842
7 0.594866 0.887546 0.170267 0.015413
7 0.636234 0.761387 0.249387 0.015475
7 0.563373 0.738551 0.102720 0.015549
0 0.286659 0.678841 0.401399 0.030407
7 0.190079 0.654630 0.206541 0.013625
7 0.124756 0.714858 0.074167 0.013564
0 0.286698 0.756584 0.400629 0.059975
7 0.116895 0.808508 0.060173 0.015043
0 0.207516 0.827238 0.244874 0.018150
5 0.287649 0.883181 0.399827 0.089667
7 0.172516 0.845413 0.133648 0.013440
5 0.712374 0.629174 0.402075 0.176917
7 0.560220 0.658446 0.059843 0.015512
7 0.629009 0.694433 0.197421 0.016116