3 0.499285 0.075388 0.262877 0.015290
5 0.711737 0.353650 0.399355 0.283576
5 0.661675 0.409809 0.262940 0.112762
0 0.711069 0.524433 0.400849 0.046646
5 0.713546 0.760370 0.412028 0.372651
5 0.726116 0.791097 0.383302 0.305573
5 0.735998 0.829383 0.358160 0.229001
7 0.566305 0.565512 0.108491 0.015610
7 0.536659 0.199679 0.051651 0.014550
7 0.611454 0.180882 0.198003 0.016436
0 0.712170 0.147133 0.399403 0.033083
5 0.711737 0.111541 0.398538 0.034895
5 0.288003 0.910623 0.398428 0.064451
5 0.288388 0.471128 0.400079 0.751233
7 0.196250 0.866566 0.219513 0.015302
7 0.252736 0.135678 0.294308 0.015376
7 0.201313 0.181430 0.189764 0.015857
7 0.131250 0.244162 0.051336 0.015721
7 0.160181 0.291067 0.110047 0.015845
7 0.134340 0.380863 0.056667 0.013391
7 0.184709 0.413866 0.156557 0.016239
7 0.159631 0.459821 0.106399 0.013132
7 0.138616 0.537466 0.067767 0.012935
7 0.151329 0.600425 0.089796 0.015919
7 0.160220 0.632448 0.109277 0.016190
7 0.146926 0.666060 0.080991 0.016313
7 0.147846 0.726591 0.081164 0.013107
7 0.145055 0.803946 0.078569 0.012922
7 0.161517 0.820962 0.113601 0.012824
7 0.627571 0.646270 0.139167 0.012811
7 0.631250 0.707965 0.146525 0.015783
7 0.678019 0.857232 0.198113 0.014094