3 0.738806 0.045382 0.269506 0.013627
0 0.729941 0.149848 0.403812 0.165841
6 0.213453 0.234627 0.232718 0.029145
0 0.299471 0.128289 0.403706 0.122723
0 0.297635 0.275009 0.402365 0.027227
5 0.299021 0.393100 0.405135 0.194873
6 0.202306 0.526680 0.211706 0.013332
0 0.299156 0.641975 0.405418 0.108995
7 0.279141 0.576361 0.363988 0.018459
7 0.219768 0.552316 0.246629 0.014277
0 0.729447 0.273725 0.404012 0.025723
7 0.569888 0.250123 0.084894 0.016000
0 0.730071 0.636177 0.403871 0.125255
7 0.571900 0.561691 0.090306 0.015900
5 0.731941 0.418918 0.409000 0.248645
8 0.513229 0.852934 0.833553 0.182886
1 0.342600 0.752141 0.474282 0.012355