1 0.510969 0.371139 0.818161 0.038911
4 0.234433 0.211500 0.265353 0.272494
1 0.114606 0.337405 0.016240 0.012051
4 0.513202 0.211348 0.261609 0.272215
1 0.395673 0.337487 0.015090 0.012190
4 0.790788 0.211639 0.261051 0.272823
1 0.671617 0.337196 0.016404 0.011633
6 0.217734 0.436633 0.229852 0.040304
7 0.145731 0.668253 0.086010 0.017696
7 0.210698 0.895373 0.215911 0.016924
7 0.600649 0.779905 0.153218 0.019152
5 0.193374 0.564019 0.180345 0.043785
0 0.301888 0.497203 0.397701 0.057873
0 0.301100 0.622405 0.397044 0.045190
0 0.301511 0.777158 0.396946 0.187278
0 0.301100 0.926120 0.397044 0.030772
0 0.722094 0.867968 0.398539 0.144215
0 0.721913 0.583532 0.398210 0.333468