2 0.449732 0.134461 0.454112 0.070005
0 0.299394 0.314143 0.405729 0.113359
6 0.185218 0.239830 0.180682 0.014677
5 0.297888 0.418182 0.407529 0.085573
0 0.730379 0.260968 0.404947 0.055800
5 0.730985 0.379216 0.406147 0.167968
0 0.729644 0.517973 0.403476 0.027227
7 0.591779 0.488002 0.129241 0.014914
0 0.730550 0.593973 0.405276 0.039800
7 0.629674 0.557716 0.200524 0.013759
0 0.731224 0.754089 0.405129 0.167159
6 0.627941 0.652339 0.201576 0.013623
6 0.669262 0.874836 0.282276 0.012482
0 0.706088 0.900389 0.356588 0.012895
5 0.730668 0.920920 0.403782 0.026586
1 0.298415 0.920450 0.404418 0.025836
4 0.299806 0.689607 0.394494 0.431923