6 0.655612 0.329573 0.313988 0.015745
3 0.244497 0.045793 0.234712 0.013441
1 0.268968 0.291866 0.284547 0.012159
4 0.272012 0.173616 0.385012 0.221286
4 0.700615 0.166455 0.353241 0.198791
1 0.699941 0.276066 0.301071 0.011995
0 0.700559 0.366757 0.403918 0.038977
7 0.549306 0.417509 0.102482 0.011809
0 0.700988 0.510777 0.403694 0.152391
7 0.584662 0.615918 0.171029 0.013400
0 0.700668 0.659205 0.405206 0.053182
5 0.700574 0.820755 0.407029 0.252491
5 0.711321 0.854066 0.386500 0.182195
5 0.269365 0.902673 0.402541 0.083127
7 0.141329 0.843773 0.147200 0.012800
5 0.270194 0.742648 0.406212 0.153186
5 0.280268 0.749918 0.384288 0.111264
7 0.120532 0.649189 0.107853 0.011795
0 0.269565 0.597023 0.405224 0.055873
1 0.269859 0.534223 0.403824 0.025109
4 0.268365 0.420543 0.398835 0.198677