3 0.224103 0.044652 0.193947 0.009986
5 0.268494 0.476782 0.404835 0.179645
0 0.267876 0.588561 0.402471 0.027659
7 0.173209 0.622780 0.209547 0.015386
0 0.269529 0.662641 0.403588 0.055191
0 0.700591 0.422257 0.403500 0.068968
7 0.633706 0.476848 0.267753 0.016005
0 0.700085 0.536720 0.404476 0.098868
5 0.701885 0.641930 0.404782 0.099177
5 0.710712 0.655518 0.384176 0.070073
1 0.485200 0.355580 0.260800 0.011723
4 0.485665 0.203875 0.612518 0.287695
1 0.485406 0.929868 0.834729 0.024564
4 0.489353 0.810161 0.563341 0.209386
1 0.231550 0.904302 0.013088 0.011168
1 0.541347 0.904005 0.012388 0.012182