3 0.499009 0.075438 0.262610 0.013465
4 0.353050 0.206147 0.278962 0.220999
1 0.223428 0.308810 0.014686 0.011307
4 0.647909 0.410469 0.283962 0.182984
1 0.510865 0.308520 0.014654 0.011369
4 0.344277 0.410592 0.274623 0.180814
1 0.226989 0.492700 0.014764 0.010974
1 0.531321 0.492337 0.013333 0.011406
1 0.498514 0.520561 0.825708 0.027707
7 0.117563 0.651067 0.063899 0.016535
5 0.286509 0.879760 0.400629 0.111998
7 0.127366 0.813779 0.082689 0.015031
6 0.590731 0.842053 0.157280 0.013009
7 0.551541 0.699266 0.078899 0.013379
7 0.531344 0.562207 0.040928 0.015142
0 0.287138 0.592182 0.401887 0.076967
5 0.289119 0.726085 0.399434 0.128742
7 0.150967 0.671159 0.088758 0.015586
7 0.162020 0.718576 0.110865 0.013181
7 0.239843 0.754445 0.267673 0.015968
5 0.711612 0.628144 0.402500 0.108175
5 0.711753 0.766091 0.399387 0.111147
5 0.616824 0.909063 0.206164 0.046017
0 0.710590 0.868977 0.399513 0.028730