3 0.839473 0.041570 0.140014 0.012995
6 0.778516 0.234136 0.232588 0.011582
7 0.760295 0.261232 0.194008 0.013164
0 0.801850 0.574475 0.280942 0.597379
7 0.731343 0.888508 0.137848 0.011727
0 0.802082 0.937530 0.279803 0.067790
0 0.801786 0.133225 0.281153 0.150676
1 0.555028 0.209354 0.182039 0.121655
6 0.171329 0.916769 0.210253 0.025060
0 0.205879 0.959354 0.279859 0.027524
0 0.205865 0.584758 0.279719 0.597391
0 0.504444 0.320622 0.282053 0.070133
7 0.419789 0.372754 0.111477 0.013671
0 0.504149 0.525688 0.279634 0.279034
7 0.419578 0.680501 0.110633 0.013563
0 0.504198 0.834173 0.279845 0.277645
4 0.259684 0.160507 0.393291 0.233816