3 0.148683 0.037435 0.120017 0.012043
2 0.214539 0.076158 0.249010 0.028729
6 0.206535 0.218029 0.224346 0.016865
7 0.146930 0.403302 0.116275 0.012328
6 0.219581 0.583266 0.253859 0.017221
7 0.429815 0.853444 0.115570 0.010879
7 0.444346 0.662542 0.145470 0.014489
0 0.710201 0.511645 0.395000 0.067233
7 0.552290 0.470695 0.076527 0.012078
1 0.074740 0.757084 0.018473 0.009869
1 0.074992 0.846342 0.021292 0.011781
1 0.074010 0.933907 0.019933 0.010736
4 0.156812 0.721627 0.129497 0.082328
4 0.156485 0.810439 0.130185 0.084584
4 0.156485 0.898616 0.130185 0.082957
4 0.786544 0.688504 0.274396 0.233254
1 0.783574 0.817904 0.260705 0.023124
1 0.291309 0.769751 0.120302 0.180095
1 0.523817 0.288118 0.018607 0.010107
1 0.730839 0.288076 0.017081 0.010641
1 0.716107 0.321728 0.403154 0.047447
4 0.614958 0.201300 0.201527 0.152696
4 0.821174 0.201134 0.200503 0.151936
0 0.281770 0.157298 0.386292 0.066639
0 0.290638 0.309145 0.406913 0.150926
0 0.290839 0.479460 0.404128 0.136116
0 0.220411 0.630736 0.265654 0.066485
0 0.501284 0.609175 0.259413 0.070083
0 0.503582 0.752043 0.268809 0.164394
0 0.502903 0.901971 0.262651 0.081354
0 0.786074 0.893878 0.267383 0.092173
0 0.713876 0.404204 0.400638 0.095891