3 0.703072 0.052203 0.345850 0.011250
1 0.480588 0.096023 0.695425 0.014268
8 0.502900 0.157096 0.748676 0.105783
1 0.338913 0.238321 0.408448 0.013611
8 0.503047 0.354066 0.749395 0.213889
6 0.245776 0.507418 0.300670 0.040316
6 0.240752 0.688277 0.292614 0.039886
7 0.215801 0.723201 0.240523 0.017008
7 0.636013 0.598674 0.242418 0.013813
7 0.594355 0.793946 0.159069 0.013371
0 0.713219 0.874148 0.394444 0.130745
0 0.711740 0.691957 0.394624 0.159217
0 0.711765 0.532765 0.394706 0.086111
0 0.293529 0.590215 0.395163 0.114343
0 0.293203 0.838314 0.395261 0.201755