3 0.217354 0.047263 0.108832 0.013144
1 0.802993 0.107608 0.207847 0.066653
1 0.305584 0.613747 0.397591 0.096192
8 0.305602 0.459871 0.397847 0.173672
8 0.393650 0.201267 0.573905 0.254485
7 0.253832 0.695108 0.138467 0.012575
5 0.305903 0.788570 0.396734 0.108388
7 0.130839 0.727012 0.046387 0.012805
0 0.306004 0.887195 0.399526 0.031192
7 0.188887 0.863848 0.162372 0.011382
7 0.566989 0.433442 0.094927 0.011734
7 0.562546 0.602825 0.083047 0.011585
7 0.602792 0.726172 0.163212 0.011992
7 0.658878 0.833117 0.120894 0.012439
7 0.544717 0.865407 0.047938 0.014092
5 0.719243 0.887188 0.396551 0.028388
0 0.719051 0.763835 0.397664 0.059919
0 0.719188 0.657026 0.397208 0.091423
5 0.718093 0.510149 0.396880 0.137615
0 0.719015 0.396409 0.397810 0.031870