3 0.186816 0.046294 0.064507 0.011341
7 0.226378 0.080318 0.087208 0.015976
0 0.304653 0.134682 0.396423 0.062398
7 0.156469 0.202270 0.092792 0.013293
7 0.191268 0.295996 0.164106 0.016057
6 0.341405 0.472087 0.314051 0.015285
7 0.227984 0.541816 0.086515 0.011924
7 0.287245 0.727100 0.208321 0.015285
7 0.658987 0.834140 0.122938 0.014783
7 0.643467 0.664980 0.089161 0.015623
5 0.305885 0.242947 0.395967 0.029959
5 0.304964 0.373821 0.396569 0.105908
5 0.305091 0.643008 0.396022 0.092900
0 0.305447 0.580332 0.396734 0.030854
5 0.305082 0.841565 0.400055 0.184702
5 0.718604 0.604214 0.401515 0.048916
0 0.720036 0.740928 0.398942 0.105867
0 0.672491 0.865285 0.306588 0.016667
4 0.718577 0.255610 0.395839 0.367209
1 0.718914 0.486138 0.398777 0.054905