3 0.237676 0.037559 0.297567 0.014121
2 0.269891 0.076544 0.359748 0.029667
6 0.240134 0.143658 0.291644 0.030665
0 0.290336 0.758836 0.403054 0.256295
6 0.234866 0.615143 0.281242 0.016841
7 0.274916 0.266247 0.371946 0.015653
7 0.183599 0.429216 0.189312 0.012162
0 0.290780 0.506829 0.405252 0.135796
0 0.291468 0.343230 0.405822 0.134418
0 0.285587 0.205914 0.394295 0.081829
5 0.713817 0.878403 0.363876 0.134905
1 0.645277 0.799555 0.185151 0.016591
4 0.683800 0.683034 0.357299 0.199394
1 0.523121 0.770249 0.019732 0.011591
1 0.523263 0.573605 0.019983 0.011271
1 0.709908 0.394074 0.393909 0.012850
1 0.854471 0.465885 0.127601 0.117827
4 0.642567 0.484026 0.261174 0.157245
4 0.686678 0.252476 0.366107 0.267138