3 0.253179 0.107218 0.269553 0.017170
6 0.186237 0.152248 0.189725 0.015408
7 0.130885 0.181739 0.129983 0.016763
7 0.121186 0.202590 0.112646 0.017194
0 0.276649 0.331337 0.426667 0.230540
7 0.107328 0.462614 0.086959 0.015612
0 0.277234 0.533477 0.425773 0.115348
7 0.128789 0.607788 0.124794 0.017038
5 0.278110 0.749017 0.426495 0.259640
5 0.722113 0.187284 0.426289 0.087638
6 0.725069 0.258231 0.379175 0.018165
0 0.723497 0.308735 0.428024 0.068645
5 0.724553 0.424484 0.429141 0.157818
0 0.721959 0.539125 0.427010 0.069712
6 0.700610 0.611942 0.332285 0.034604
7 0.609811 0.650528 0.200653 0.017818
0 0.722895 0.727500 0.424759 0.130492
7 0.571271 0.808645 0.123574 0.017386
0 0.722371 0.849586 0.425773 0.057974