3 0.378039 0.086831 0.479052 0.018838
6 0.293513 0.165713 0.365392 0.078497
7 0.213203 0.226982 0.250752 0.018712
1 0.409559 0.227216 0.133170 0.019836
7 0.179690 0.253308 0.186275 0.016742
5 0.289518 0.276092 0.403382 0.028068
5 0.710784 0.262342 0.404281 0.062437
1 0.499722 0.765284 0.067320 0.015114
4 0.224469 0.648889 0.273709 0.208359
1 0.098464 0.745587 0.017320 0.013220
4 0.223317 0.437191 0.273170 0.210795
4 0.500425 0.437468 0.272778 0.211351
4 0.776471 0.437191 0.273824 0.210795
4 0.500433 0.649514 0.272794 0.208220
4 0.776413 0.649369 0.271912 0.210682