3 0.207398 0.090397 0.221582 0.014237
4 0.289168 0.239918 0.403328 0.238928
4 0.710669 0.240063 0.403817 0.239218
1 0.286892 0.370662 0.400375 0.013228
1 0.709600 0.383562 0.404095 0.040265
5 0.288206 0.887812 0.406460 0.048916
7 0.190114 0.844981 0.207341 0.016847
7 0.615000 0.447182 0.214405 0.019382
7 0.634535 0.662654 0.254258 0.019206
7 0.650938 0.740952 0.287096 0.018701
0 0.710041 0.835643 0.405302 0.151513
0 0.709405 0.697427 0.402365 0.032207
0 0.710856 0.551728 0.405302 0.167541
0 0.289454 0.422900 0.404910 0.028777
5 0.288271 0.632446 0.405579 0.381286