3 0.498829 0.075672 0.263506 0.014032
7 0.127885 0.103958 0.081714 0.013613
7 0.120000 0.121924 0.067075 0.013268
5 0.296714 0.222448 0.381006 0.080062
0 0.288263 0.158477 0.401462 0.046104
0 0.286612 0.402978 0.400928 0.221640
7 0.116675 0.280851 0.061714 0.015980
7 0.118664 0.535771 0.065723 0.015265
0 0.286682 0.599605 0.399937 0.105746
4 0.287052 0.787263 0.402500 0.232232
4 0.709858 0.765228 0.395440 0.276794
5 0.712296 0.539642 0.398208 0.136967
7 0.552115 0.378372 0.081494 0.014969
0 0.711038 0.429340 0.400943 0.079864
0 0.711069 0.298946 0.401006 0.121122
7 0.586108 0.225469 0.150267 0.013107
5 0.711596 0.161196 0.399638 0.095561
7 0.568325 0.103403 0.114733 0.015783
1 0.287303 0.920943 0.400142 0.027065
1 0.711706 0.920684 0.401682 0.027189