3 0.167187 0.041751 0.139916 0.013309
8 0.644740 0.221781 0.573615 0.275060
1 0.535176 0.073472 0.334008 0.012186
8 0.346526 0.829209 0.575556 0.277766
1 0.185598 0.678539 0.230042 0.011039
7 0.142848 0.064082 0.169437 0.014348
0 0.197729 0.112301 0.280127 0.068708
0 0.198383 0.415380 0.284416 0.459360
7 0.085956 0.172114 0.058383 0.013164
7 0.718298 0.386534 0.128973 0.015362
6 0.746449 0.894330 0.184712 0.011727
0 0.793263 0.944384 0.280563 0.058285
0 0.793467 0.630809 0.280155 0.459420
0 0.495352 0.512693 0.280886 0.264010