3 0.762894 0.039947 0.292030 0.014311
6 0.153708 0.144068 0.141007 0.030819
7 0.122341 0.170748 0.086359 0.014727
0 0.490956 0.261330 0.261040 0.083658
7 0.440663 0.211770 0.157701 0.011805
0 0.776560 0.261479 0.265403 0.273456
7 0.735688 0.116562 0.183322 0.014264
0 0.772995 0.473379 0.257332 0.097090
7 0.719346 0.415736 0.149832 0.011568
7 0.744421 0.545968 0.200755 0.026330
1 0.776695 0.733118 0.197181 0.029774
5 0.779018 0.843266 0.225654 0.181188
1 0.234178 0.628996 0.310705 0.011983
1 0.210260 0.919002 0.261527 0.047648
1 0.481913 0.913979 0.240034 0.037601
4 0.340713 0.465897 0.544748 0.308587
4 0.209992 0.772559 0.263775 0.238848
4 0.492223 0.772637 0.263372 0.238979
0 0.206015 0.090552 0.253272 0.042506
0 0.210176 0.241669 0.261628 0.122933
0 0.493322 0.131799 0.263893 0.124335
0 0.760084 0.084228 0.231510 0.028527
0 0.773289 0.623385 0.257919 0.123587