5 0.704099 0.248684 0.411109 0.191632
5 0.253406 0.304217 0.444697 0.099855
4 0.478172 0.678414 0.892634 0.516224
5 0.118440 0.398697 0.176430 0.035316
5 0.574913 0.099276 0.152704 0.038579
5 0.130017 0.186842 0.195355 0.048763
0 0.177478 0.108717 0.288544 0.018829
0 0.129844 0.153454 0.195009 0.015487
0 0.146473 0.219697 0.225737 0.016842
0 0.714298 0.398204 0.429081 0.035013
7 0.586638 0.368645 0.175667 0.014553
7 0.613241 0.141211 0.228908 0.016632
7 0.117643 0.087651 0.170433 0.016329
7 0.127764 0.133421 0.189740 0.015474
7 0.202634 0.244408 0.340416 0.016579
7 0.118787 0.369250 0.172721 0.015053
1 0.485598 0.947414 0.202600 0.015224