3 0.196050 0.044348 0.165765 0.009037
4 0.182805 0.204991 0.189520 0.192576
4 0.385822 0.204824 0.189023 0.192217
4 0.589552 0.205000 0.188811 0.192569
4 0.793713 0.205047 0.190603 0.195309
4 0.176812 0.444266 0.176393 0.230472
4 0.384353 0.443958 0.178086 0.229855
4 0.586185 0.388753 0.175220 0.122091
1 0.095045 0.100233 0.012109 0.009710
1 0.298587 0.100013 0.014259 0.011146
1 0.502997 0.099792 0.013306 0.010705
1 0.705586 0.099550 0.013534 0.010208
1 0.091893 0.320148 0.011458 0.011392
1 0.301958 0.319893 0.011295 0.010894
1 0.505998 0.318923 0.013624 0.010831
1 0.481095 0.620885 0.676718 0.062840
0 0.268298 0.822324 0.419560 0.273086
0 0.702557 0.821300 0.421319 0.273155