2 0.410112 0.116907 0.367729 0.035150
0 0.281474 0.207770 0.370018 0.013695
6 0.156368 0.250850 0.118971 0.012164
7 0.163626 0.276293 0.135159 0.013395
5 0.299126 0.383361 0.404429 0.181041
5 0.307915 0.431032 0.384006 0.057055
7 0.168338 0.498705 0.140876 0.012573
5 0.298265 0.542302 0.402918 0.055114
6 0.194847 0.607268 0.194447 0.011518
5 0.298256 0.654020 0.403618 0.055586
6 0.159656 0.718007 0.127229 0.012014
6 0.140747 0.828736 0.086988 0.012300
6 0.583291 0.206675 0.109347 0.012041
5 0.730618 0.419005 0.403318 0.386736
0 0.298471 0.765245 0.403718 0.055473
0 0.299079 0.882970 0.406241 0.068368
1 0.730171 0.911245 0.203447 0.012127
4 0.730456 0.778525 0.410429 0.249659