2 0.487247 0.134736 0.522506 0.067191
6 0.230647 0.252782 0.267941 0.011909
0 0.298932 0.340836 0.403865 0.139836
7 0.240391 0.435882 0.286324 0.012127
0 0.298841 0.493955 0.403718 0.082636
5 0.298656 0.660564 0.403629 0.194127
7 0.127762 0.552048 0.058971 0.015195
7 0.166521 0.772514 0.137171 0.011982
0 0.299400 0.834586 0.403247 0.096700
7 0.139006 0.899182 0.082000 0.014982
0 0.298918 0.924486 0.402459 0.027309
0 0.730229 0.281155 0.403141 0.068236
7 0.573344 0.331170 0.089241 0.011741
0 0.730618 0.453975 0.403024 0.218714
7 0.694232 0.588595 0.329265 0.012091
0 0.730556 0.640236 0.403841 0.069482
7 0.558774 0.691009 0.059476 0.014900
0 0.729847 0.757816 0.402988 0.110523
7 0.597524 0.828180 0.137541 0.012168
0 0.730376 0.889714 0.402918 0.097064