3 0.498899 0.074470 0.166509 0.011751
0 0.285566 0.305111 0.402201 0.150863
7 0.155401 0.219346 0.137720 0.015709
0 0.286407 0.448372 0.401462 0.076005
7 0.132822 0.397423 0.092186 0.012774
7 0.134693 0.504723 0.096997 0.015610
7 0.127068 0.564877 0.079670 0.011998
7 0.187972 0.639994 0.201981 0.013033
7 0.179929 0.762065 0.184292 0.014784
7 0.234976 0.839451 0.297028 0.014538
7 0.688899 0.103385 0.353428 0.015894
7 0.592838 0.206745 0.164324 0.015906
7 0.547453 0.248594 0.072799 0.013120
7 0.542429 0.442534 0.063506 0.015376
7 0.575810 0.557762 0.127248 0.014242
7 0.551077 0.748255 0.080047 0.013773
0 0.286360 0.147466 0.402563 0.103958
0 0.286352 0.530623 0.400943 0.031948
0 0.287256 0.599291 0.401903 0.047583
0 0.286871 0.697361 0.401981 0.092281
0 0.286997 0.796079 0.399654 0.047645
0 0.286824 0.895358 0.402767 0.089309
0 0.710912 0.848946 0.401635 0.178385
0 0.711863 0.651498 0.401808 0.164846
0 0.711903 0.498533 0.401038 0.090185
0 0.711486 0.343564 0.401903 0.166338
0 0.711360 0.152065 0.400770 0.076116
7 0.549748 0.227318 0.075000 0.014982
0 0.708640 0.227047 0.239292 0.014439