3 0.742416 0.039531 0.334430 0.014382
7 0.751384 0.077132 0.214983 0.014715
0 0.776393 0.213711 0.264933 0.256710
7 0.747676 0.370784 0.207433 0.028575
0 0.774329 0.431746 0.259161 0.092660
1 0.748977 0.524632 0.143691 0.042565
5 0.779128 0.741966 0.227752 0.382055
5 0.487517 0.588771 0.253523 0.040154
0 0.492609 0.477785 0.261158 0.161841
6 0.491921 0.375802 0.250654 0.031390
0 0.492248 0.275036 0.262752 0.136152
0 0.488213 0.124080 0.253507 0.108990
7 0.396745 0.198996 0.071611 0.013432
1 0.208809 0.223432 0.260302 0.048219
4 0.209589 0.132910 0.259815 0.125463
0 0.212332 0.295772 0.264899 0.067625
0 0.211023 0.465855 0.263423 0.218527
7 0.128163 0.349846 0.098272 0.013135
1 0.204413 0.841360 0.250403 0.035071
1 0.457785 0.853510 0.191074 0.012696
4 0.491300 0.730754 0.260185 0.226449
4 0.209211 0.701170 0.276007 0.241010
1 0.333901 0.883895 0.501460 0.022399
8 0.352500 0.918349 0.543758 0.042779