3 0.624869 0.052121 0.483148 0.012121
0 0.710767 0.184141 0.394486 0.218687
6 0.581803 0.324628 0.137602 0.019886
6 0.257700 0.208081 0.327080 0.080354
6 0.163850 0.743731 0.136411 0.019760
1 0.144119 0.583712 0.080082 0.013131
5 0.289625 0.651894 0.367178 0.101212
5 0.702137 0.652468 0.381272 0.100063
5 0.223834 0.852077 0.261370 0.174508
5 0.500033 0.851370 0.261240 0.173119
5 0.776223 0.850814 0.259494 0.172866
0 0.710449 0.446162 0.394894 0.198561
0 0.292259 0.112304 0.394405 0.071780
0 0.292806 0.404672 0.395498 0.288308