3 0.148599 0.038207 0.120352 0.012874
2 0.307248 0.076912 0.433792 0.029382
1 0.762273 0.139501 0.207634 0.021853
8 0.786116 0.214430 0.261191 0.123278
6 0.492567 0.266805 0.232886 0.016461
6 0.444463 0.621859 0.134832 0.016995
6 0.728263 0.608029 0.139379 0.017340
0 0.220008 0.294210 0.267064 0.339157
5 0.219790 0.575071 0.270587 0.208266
5 0.491560 0.144388 0.246376 0.041342
0 0.504119 0.206425 0.266258 0.069145
0 0.505235 0.438319 0.269799 0.314382
7 0.474606 0.642429 0.204581 0.013979
7 0.739346 0.505861 0.169866 0.014240
0 0.498968 0.664163 0.253205 0.028753
0 0.785688 0.649893 0.265034 0.055891
0 0.785478 0.396894 0.264815 0.177874
0 0.784002 0.547595 0.260856 0.068468
1 0.284773 0.943860 0.392366 0.024703
1 0.694866 0.939169 0.406544 0.036295
4 0.282609 0.813094 0.386124 0.228682
4 0.707567 0.805920 0.443758 0.224691