3 0.227145 0.053068 0.160359 0.013106
4 0.302382 0.179141 0.394421 0.205404
1 0.117194 0.273277 0.016378 0.010871
4 0.302480 0.432973 0.394127 0.273699
1 0.117015 0.560145 0.016020 0.011452
4 0.721868 0.179186 0.393850 0.205442
1 0.535000 0.273441 0.016297 0.011326
1 0.713744 0.533782 0.380343 0.075366
0 0.301607 0.635354 0.392741 0.083485
7 0.161892 0.705840 0.111746 0.015896
0 0.302716 0.831162 0.392349 0.216818
0 0.720318 0.894205 0.393817 0.084646
7 0.597708 0.835101 0.149152 0.017348
0 0.720685 0.699539 0.394160 0.213068