3 0.672806 0.090088 0.456411 0.015612
4 0.710636 0.234395 0.405285 0.229748
1 0.709641 0.367875 0.404633 0.025889
0 0.287928 0.243367 0.404535 0.245221
6 0.232781 0.399849 0.291403 0.037074
0 0.287871 0.468386 0.405824 0.081614
6 0.164739 0.536709 0.159592 0.017755
0 0.288352 0.692573 0.408254 0.275485
6 0.134095 0.857289 0.095465 0.016595
0 0.287936 0.892598 0.404551 0.033241
0 0.709576 0.486955 0.405514 0.147377
0 0.709853 0.701337 0.406101 0.185044
0 0.708948 0.874445 0.405661 0.066318
6 0.556452 0.589369 0.096134 0.016242
6 0.580294 0.822434 0.143817 0.015334