3 0.223518 0.044241 0.195459 0.011018
4 0.307988 0.131489 0.175106 0.123386
1 0.233803 0.183664 0.013512 0.011118
4 0.485000 0.131682 0.168224 0.123000
1 0.416126 0.183759 0.012488 0.011309
4 0.663462 0.131682 0.176194 0.123000
1 0.589718 0.183441 0.014047 0.011645
4 0.403806 0.274986 0.166353 0.129182
1 0.336141 0.329100 0.012824 0.011200
4 0.583156 0.274445 0.183076 0.129645
1 0.507388 0.329436 0.013435 0.010909
1 0.484494 0.364384 0.836294 0.042814
7 0.122035 0.407068 0.108000 0.012664
0 0.269350 0.506250 0.404347 0.166209
7 0.119015 0.610223 0.101947 0.013609
5 0.268900 0.730284 0.404494 0.206905
7 0.094776 0.858014 0.054341 0.012873
5 0.270344 0.908330 0.405476 0.068014
5 0.700582 0.440557 0.402800 0.081077
0 0.700003 0.574623 0.405241 0.166655
1 0.700888 0.930805 0.403565 0.024191
4 0.698941 0.790598 0.389624 0.250777