2 0.570179 0.117380 0.687806 0.034986
0 0.298097 0.235059 0.407241 0.071818
6 0.156809 0.306352 0.118947 0.011677
0 0.227856 0.332650 0.261029 0.013727
6 0.195121 0.375823 0.195559 0.012264
5 0.298279 0.424232 0.403406 0.056991
6 0.160494 0.487041 0.127035 0.012182
0 0.198644 0.513175 0.202512 0.013068
6 0.141003 0.555616 0.087229 0.012114
0 0.298476 0.589925 0.404624 0.028732
6 0.149429 0.640707 0.104094 0.013123
0 0.298518 0.686707 0.403894 0.054995
0 0.730353 0.242348 0.403318 0.083859
6 0.630165 0.320191 0.202953 0.012691
0 0.701956 0.346861 0.345700 0.013668
6 0.603703 0.390086 0.150853 0.012873
0 0.597932 0.416334 0.137641 0.013659
5 0.636812 0.443543 0.217082 0.028014
0 0.730124 0.499691 0.404541 0.069855
4 0.732212 0.631025 0.412576 0.136095
1 0.729656 0.707773 0.343841 0.013691