3 0.816399 0.040815 0.186948 0.010857
0 0.802925 0.085356 0.281097 0.055157
0 0.802820 0.233237 0.280858 0.223164
7 0.739198 0.127651 0.153643 0.010374
0 0.802356 0.462941 0.279058 0.219771
7 0.735155 0.359088 0.145527 0.010519
0 0.801969 0.660477 0.280872 0.155254
7 0.802813 0.589867 0.280872 0.012319
7 0.698411 0.605175 0.072068 0.013563
6 0.756013 0.770272 0.187243 0.013370
7 0.440028 0.735942 0.150380 0.013913
0 0.205858 0.785217 0.281561 0.375918
0 0.503987 0.861256 0.281392 0.223502
0 0.503432 0.653333 0.281125 0.113647
0 0.802581 0.882246 0.280352 0.181981
4 0.355626 0.300501 0.577440 0.490930
1 0.355190 0.562089 0.580394 0.027440