3 0.252464 0.047127 0.195949 0.012791
5 0.304708 0.135528 0.398431 0.125393
7 0.181661 0.219160 0.149854 0.014417
0 0.250821 0.235129 0.288175 0.015759
5 0.304015 0.280176 0.394562 0.074688
5 0.305693 0.473238 0.397117 0.215610
7 0.146305 0.618523 0.078303 0.013902
0 0.305611 0.657154 0.398595 0.059973
6 0.266323 0.733374 0.164325 0.014905
7 0.256068 0.771551 0.144653 0.012398
0 0.305666 0.849146 0.397865 0.109458
0 0.717692 0.088191 0.397281 0.032209
7 0.713358 0.142818 0.232628 0.017588
0 0.629069 0.171944 0.220073 0.014702
5 0.719589 0.480373 0.397828 0.506870
7 0.614772 0.218753 0.191478 0.014201
5 0.718641 0.834289 0.397062 0.108577
7 0.561341 0.773266 0.081697 0.013089