3 0.725224 0.045436 0.296224 0.013582
4 0.397094 0.193623 0.245329 0.252264
4 0.639635 0.193127 0.229388 0.251273
1 0.514065 0.330761 0.614188 0.012886
0 0.298815 0.470523 0.406100 0.195864
5 0.300818 0.723061 0.402082 0.132305
7 0.201365 0.583677 0.208647 0.015636
0 0.299303 0.623350 0.406171 0.056718
7 0.160656 0.813014 0.126394 0.013291
7 0.250744 0.845059 0.306582 0.030836
0 0.298603 0.916584 0.403947 0.103095
0 0.730106 0.890945 0.404624 0.151300
7 0.578529 0.779789 0.099000 0.012514
7 0.655629 0.804407 0.252376 0.015841
1 0.730300 0.706157 0.403365 0.101177
4 0.730435 0.503893 0.386212 0.300150
1 0.587659 0.629630 0.012141 0.011850
1 0.780565 0.533991 0.013329 0.011927