6 0.157483 0.382565 0.145839 0.016413
0 0.271292 0.321591 0.384832 0.068100
0 0.280956 0.676419 0.403289 0.556734
5 0.707508 0.838575 0.367701 0.212755
1 0.633691 0.713919 0.188758 0.030713
1 0.665000 0.649056 0.326275 0.012625
1 0.557886 0.633990 0.112047 0.011805
1 0.785059 0.632969 0.144346 0.010380
4 0.599824 0.493990 0.192366 0.072945
1 0.551158 0.538961 0.095302 0.011580
4 0.599614 0.588634 0.190638 0.071568
1 0.747299 0.539062 0.067550 0.012162
4 0.809748 0.588397 0.193020 0.070333
4 0.809513 0.494032 0.193591 0.072055
1 0.674883 0.414614 0.343322 0.012506
4 0.629362 0.108783 0.269530 0.094240
4 0.629748 0.195730 0.270302 0.071295
4 0.631099 0.280891 0.271057 0.091259
4 0.632525 0.365926 0.275889 0.069952
1 0.706661 0.095618 0.053289 0.023753
1 0.711133 0.197292 0.061091 0.009311
1 0.701879 0.282708 0.042919 0.013135
1 0.250805 0.269644 0.343859 0.011829
4 0.269346 0.162797 0.398020 0.197494
1 0.821854 0.102233 0.100721 0.037387
1 0.820243 0.209376 0.096594 0.035333
1 0.820478 0.298925 0.096124 0.045523
1 0.819732 0.383284 0.094664 0.044026
3 0.766779 0.039406 0.285168 0.014062