3 0.499253 0.075678 0.170959 0.013600
0 0.287579 0.126535 0.401635 0.060789
5 0.287437 0.402441 0.399340 0.436942
7 0.193719 0.174686 0.212846 0.016153
7 0.578310 0.158958 0.132594 0.014044
7 0.551722 0.181344 0.082280 0.015068
5 0.712752 0.292935 0.399088 0.202219
5 0.712154 0.498896 0.398836 0.158039
5 0.700888 0.628613 0.379072 0.050986
7 0.565637 0.593206 0.106651 0.015734
7 0.531753 0.409075 0.040770 0.016178
4 0.287241 0.768255 0.364733 0.275179
4 0.713113 0.793126 0.431321 0.252565
1 0.286588 0.922485 0.402233 0.028496
1 0.713003 0.929020 0.361006 0.014562
7 0.267358 0.193718 0.322830 0.014883
7 0.191863 0.253711 0.170110 0.015906
7 0.168168 0.477324 0.123569 0.016104
7 0.198168 0.596375 0.183569 0.014895
5 0.720362 0.118829 0.380975 0.048533