3 0.334682 0.107296 0.431907 0.017422
4 0.235009 0.251415 0.329777 0.216091
1 0.082663 0.350462 0.016667 0.012050
4 0.665662 0.250653 0.520808 0.214568
1 0.418866 0.350426 0.015533 0.012626
1 0.499502 0.370546 0.389416 0.013849
4 0.281409 0.506511 0.422612 0.216715
4 0.281495 0.729670 0.422784 0.218094
1 0.082844 0.606727 0.016100 0.012998
4 0.713076 0.506397 0.424914 0.219005
4 0.713093 0.728783 0.423127 0.218861
1 0.513445 0.606978 0.016821 0.013501
1 0.082758 0.831517 0.015928 0.013633
1 0.513806 0.829814 0.015722 0.013441
1 0.496117 0.869856 0.867423 0.054508