3 0.408750 0.046856 0.507536 0.014336
8 0.305328 0.153462 0.396168 0.162100
1 0.324380 0.281511 0.282920 0.015921
8 0.305538 0.448089 0.394945 0.283984
6 0.289964 0.640718 0.214088 0.015908
6 0.691907 0.610379 0.187318 0.015583
7 0.277281 0.681064 0.186934 0.015000
7 0.301095 0.834363 0.233796 0.015501
7 0.727327 0.356816 0.258084 0.015230
0 0.304516 0.749302 0.397719 0.094051
0 0.305620 0.887974 0.399051 0.063076
0 0.718887 0.195786 0.401168 0.247453
0 0.719015 0.472107 0.398978 0.186220
0 0.718960 0.780888 0.400073 0.278713