5 0.701556 0.280352 0.403124 0.097768
0 0.700735 0.155209 0.404765 0.138591
7 0.626415 0.074582 0.256700 0.016145
3 0.279094 0.046025 0.304906 0.013523
4 0.269671 0.184330 0.402941 0.234895
1 0.268747 0.310936 0.333706 0.011855
4 0.269506 0.485225 0.372047 0.297932
1 0.269253 0.645102 0.289953 0.012241
0 0.269565 0.742727 0.405247 0.155164
7 0.189853 0.843005 0.244671 0.031645
0 0.269571 0.903605 0.404106 0.084291
0 0.700700 0.412770 0.404553 0.112223
7 0.602547 0.345366 0.207094 0.016586
0 0.700929 0.565200 0.405012 0.139318
7 0.610847 0.484520 0.224847 0.017123
0 0.701047 0.718414 0.402941 0.111882
7 0.579688 0.650916 0.159071 0.016050
7 0.582624 0.802095 0.166094 0.013927
0 0.701624 0.881620 0.406400 0.124895