3 0.133709 0.030522 0.051958 0.011744
1 0.497877 0.328818 0.627920 0.016077
4 0.370919 0.193983 0.620763 0.249657
1 0.379029 0.311427 0.021213 0.012497
4 0.806915 0.198778 0.245026 0.239934
1 0.872028 0.310700 0.020728 0.013554
5 0.265069 0.387061 0.440849 0.065218
0 0.265685 0.467345 0.440451 0.094188
6 0.095381 0.538303 0.100676 0.014544
0 0.265338 0.574782 0.441386 0.045892
5 0.189419 0.636486 0.292565 0.062668
0 0.266291 0.700872 0.443189 0.064782
1 0.733666 0.723877 0.212045 0.016684
8 0.498466 0.859683 0.905251 0.172867
1 0.498657 0.764498 0.275165 0.014703
4 0.630069 0.445165 0.234939 0.188111
4 0.848925 0.443910 0.195771 0.149802
4 0.683380 0.627906 0.220555 0.170555
4 0.848007 0.600812 0.101144 0.154359
4 0.734359 0.685978 0.118943 0.053461