5 0.726799 0.863386 0.449612 0.194980
0 0.727108 0.688778 0.448995 0.084993
5 0.727549 0.589568 0.451146 0.113400
0 0.726481 0.432457 0.450247 0.127995
5 0.252601 0.905312 0.449365 0.112032
0 0.251887 0.796793 0.449030 0.034064
6 0.252451 0.733426 0.254321 0.015458
7 0.122381 0.766614 0.187795 0.014794
7 0.211675 0.836295 0.365256 0.017583
7 0.589735 0.753088 0.171076 0.014542
7 0.597028 0.521116 0.187884 0.014794
7 0.540106 0.357092 0.072945 0.015219
1 0.726966 0.320252 0.335309 0.015193
1 0.252213 0.345505 0.426226 0.030903
1 0.252813 0.672822 0.426049 0.030903
4 0.252831 0.512809 0.419559 0.287875
4 0.252866 0.206713 0.425520 0.242377
4 0.724947 0.191076 0.447954 0.237689