3 0.127114 0.033806 0.051005 0.012573
1 0.492080 0.335676 0.659029 0.017639
1 0.730225 0.672712 0.348458 0.015398
4 0.730165 0.507765 0.449861 0.309987
4 0.491542 0.193561 0.797435 0.262905
7 0.061950 0.368740 0.043553 0.015676
7 0.087998 0.483554 0.093085 0.014960
5 0.261681 0.431008 0.441352 0.069735
5 0.157210 0.528654 0.231542 0.036645
7 0.102600 0.917546 0.114662 0.013793
7 0.538588 0.917686 0.056343 0.015371
7 0.532305 0.863495 0.042946 0.015955
7 0.531127 0.825729 0.040555 0.017454
7 0.544081 0.769523 0.069896 0.014642
7 0.559523 0.749781 0.099047 0.014973
0 0.220503 0.386492 0.358718 0.016273
0 0.105156 0.501459 0.128024 0.016446
7 0.100910 0.563415 0.116690 0.017865
0 0.264177 0.733899 0.441802 0.321989
0 0.267227 0.944111 0.442253 0.029735
0 0.729584 0.713289 0.442045 0.035252
0 0.731473 0.793448 0.444402 0.032122
0 0.713085 0.842221 0.405511 0.020411
5 0.731915 0.889489 0.441716 0.034284
5 0.606239 0.942739 0.191092 0.029138