4 0.273485 0.189620 0.417888 0.259395
3 0.224162 0.044484 0.193853 0.010441
1 0.077609 0.245509 0.014982 0.013164
1 0.270512 0.335170 0.406988 0.026877
1 0.266194 0.308741 0.014329 0.012318
1 0.257753 0.384925 0.364129 0.024923
1 0.249338 0.529616 0.347288 0.024259
8 0.269400 0.437959 0.402282 0.074518
8 0.268897 0.664793 0.401288 0.238141
5 0.269147 0.871889 0.406741 0.138295
5 0.700485 0.092589 0.407218 0.055759
0 0.700606 0.150316 0.404988 0.031459
0 0.700600 0.756339 0.407835 0.376223
5 0.696379 0.361793 0.407065 0.358886