3 0.253454 0.107062 0.268419 0.018225
6 0.187010 0.758028 0.192268 0.014880
0 0.276942 0.791871 0.426289 0.029640
6 0.171383 0.832662 0.159639 0.017650
0 0.277225 0.863759 0.426821 0.030683
0 0.723033 0.762944 0.427234 0.028501
6 0.701022 0.803585 0.330395 0.015276
5 0.686194 0.849017 0.356271 0.059808
1 0.499399 0.453537 0.566048 0.014293
1 0.277534 0.713705 0.392904 0.024988
1 0.722560 0.713783 0.405945 0.026655
4 0.281718 0.294131 0.430206 0.296871
1 0.078239 0.434299 0.017405 0.012962
4 0.719433 0.292836 0.430859 0.299005
1 0.515636 0.433825 0.016289 0.013118
4 0.279631 0.586882 0.424347 0.220312
4 0.721194 0.586721 0.420945 0.218789