3 0.221376 0.037452 0.263691 0.012838
2 0.203289 0.074002 0.232987 0.022922
1 0.502240 0.139228 0.251594 0.022447
8 0.504128 0.203040 0.262718 0.103872
0 0.221795 0.254430 0.267047 0.260451
6 0.209849 0.409994 0.231611 0.017233
0 0.216963 0.459252 0.257047 0.068195
1 0.194320 0.523824 0.200587 0.034323
8 0.221795 0.571544 0.260805 0.058456
7 0.138414 0.619602 0.097534 0.012482
0 0.217240 0.683747 0.258406 0.108729
7 0.171401 0.757732 0.165889 0.013658
0 0.219010 0.792892 0.258725 0.053409
5 0.216359 0.868438 0.255034 0.082791
0 0.212164 0.930160 0.247450 0.027375
0 0.501812 0.396087 0.260201 0.244454
7 0.455168 0.539400 0.167383 0.013361
0 0.502802 0.671485 0.262617 0.246485
1 0.494866 0.822993 0.237718 0.022304
8 0.503649 0.887696 0.263003 0.103302
0 0.782919 0.193183 0.260034 0.135796
7 0.744874 0.280048 0.182802 0.015558
0 0.786326 0.437821 0.265101 0.298183
7 0.697408 0.608480 0.087332 0.013919
0 0.786166 0.780428 0.265856 0.327625