3 0.159451 0.042065 0.138790 0.011860
8 0.346470 0.159921 0.572799 0.149746
1 0.191470 0.073442 0.245809 0.013671
4 0.795127 0.160513 0.290253 0.224167
1 0.795084 0.322609 0.283108 0.097778
0 0.794269 0.494481 0.280830 0.210797
6 0.753762 0.622083 0.202208 0.012428
0 0.794388 0.712198 0.281069 0.095048
7 0.735893 0.649481 0.164079 0.015386
0 0.794079 0.882385 0.281660 0.182210
7 0.722046 0.777488 0.138748 0.014106
0 0.495703 0.471449 0.281786 0.431184
0 0.197968 0.472005 0.283221 0.432295
8 0.346526 0.851461 0.574402 0.236280
1 0.263474 0.718949 0.388129 0.015000