3 0.794625 0.052077 0.129217 0.012260
0 0.709568 0.212399 0.396427 0.275126
1 0.562724 0.373782 0.079380 0.014886
7 0.610783 0.400814 0.171419 0.014811
5 0.709551 0.487468 0.369804 0.147058
7 0.690090 0.597361 0.352121 0.020025
0 0.710840 0.777569 0.394502 0.331881
0 0.291958 0.857279 0.394519 0.172614
7 0.130163 0.754836 0.069951 0.014217
0 0.292349 0.506496 0.397325 0.448826
6 0.258026 0.199640 0.326656 0.041174
7 0.172308 0.243725 0.152219 0.019343
7 0.178711 0.266244 0.169038 0.014003
0 0.292406 0.119097 0.396427 0.089280