3 0.719931 0.106061 0.314536 0.018837
0 0.277225 0.827872 0.426649 0.158741
0 0.722457 0.826978 0.426186 0.158010
1 0.499527 0.667698 0.871942 0.121559
4 0.205180 0.219838 0.273385 0.152146
4 0.206555 0.376199 0.274416 0.149856
1 0.081443 0.288345 0.016667 0.013957
4 0.494467 0.220552 0.286357 0.153597
4 0.493686 0.375899 0.286512 0.150456
1 0.361942 0.288171 0.016873 0.012386
4 0.788342 0.219359 0.287749 0.151187
4 0.788488 0.376025 0.289794 0.148285
1 0.655593 0.289089 0.020017 0.013046
4 0.204837 0.529011 0.272698 0.146487
1 0.080885 0.443555 0.017268 0.013225
4 0.493703 0.528645 0.288265 0.148177
1 0.362354 0.443435 0.017698 0.012986
4 0.788660 0.528945 0.290137 0.148777
1 0.655593 0.443435 0.016581 0.012986
1 0.081082 0.594754 0.017698 0.012314
1 0.362440 0.594784 0.015292 0.011775
1 0.656014 0.595024 0.009656 0.012254