3 0.740146 0.046660 0.261241 0.014024
4 0.693257 0.256491 0.396040 0.365908
1 0.580712 0.465874 0.170949 0.014133
6 0.280210 0.094526 0.243376 0.029431
0 0.279489 0.265210 0.398248 0.259526
7 0.236989 0.434038 0.156241 0.015285
7 0.144398 0.465976 0.129234 0.015501
0 0.133932 0.512419 0.105383 0.015786
7 0.116816 0.496972 0.072646 0.014160
0 0.279088 0.565725 0.396825 0.029797
7 0.175712 0.542378 0.191825 0.014702
0 0.278859 0.650596 0.396369 0.079051
7 0.121432 0.603889 0.083266 0.014255
0 0.165265 0.727432 0.168047 0.015542
7 0.113887 0.711233 0.068175 0.016233
7 0.137901 0.773713 0.116241 0.016667
0 0.152956 0.820481 0.142336 0.016436
7 0.117217 0.802859 0.074872 0.015827
0 0.279033 0.880644 0.397810 0.044973
7 0.174936 0.848997 0.193084 0.015745
7 0.570128 0.727629 0.150584 0.015827
0 0.693376 0.818367 0.398686 0.105623
7 0.589389 0.757033 0.189836 0.013902
0 0.692965 0.664444 0.396807 0.043659
7 0.527564 0.634837 0.068047 0.014255
0 0.692819 0.589133 0.395383 0.047100
7 0.536405 0.557696 0.082920 0.013957
0 0.693595 0.519092 0.399124 0.031599