3 0.813767 0.040018 0.192634 0.013955
1 0.226107 0.301164 0.295839 0.013492
1 0.679564 0.319578 0.351711 0.022387
8 0.493674 0.891764 0.262114 0.097209
1 0.462265 0.836378 0.193591 0.010095
1 0.733305 0.762322 0.114799 0.029014
5 0.779581 0.855137 0.230973 0.150962
0 0.775663 0.582067 0.267097 0.289739
6 0.714203 0.424347 0.130755 0.016746
6 0.441963 0.364329 0.152718 0.017352
6 0.465252 0.705796 0.196678 0.017720
0 0.208490 0.787025 0.261409 0.314549
7 0.147827 0.621265 0.137668 0.014620
0 0.209581 0.479246 0.264732 0.247185
0 0.480529 0.392732 0.239279 0.028551
5 0.442441 0.433961 0.165419 0.042577
0 0.492743 0.569994 0.268272 0.218515
0 0.493305 0.768337 0.265973 0.097150
0 0.775881 0.375629 0.267802 0.040570
4 0.281418 0.175909 0.416426 0.230534
4 0.705872 0.184424 0.418691 0.241698