3 0.304441 0.044491 0.355871 0.011682
1 0.269238 0.356373 0.252935 0.013400
4 0.265141 0.202709 0.382306 0.290255
1 0.095324 0.112282 0.010576 0.009300
1 0.094932 0.221075 0.010253 0.009559
1 0.095371 0.339268 0.010671 0.009773
7 0.573729 0.519811 0.148447 0.012405
0 0.700126 0.466107 0.402618 0.053668
7 0.543594 0.426250 0.090329 0.012582
0 0.701591 0.365848 0.404147 0.083495
7 0.568047 0.311502 0.139224 0.013486
0 0.700888 0.264768 0.405541 0.055718
7 0.564759 0.220818 0.132647 0.011682
0 0.700682 0.159768 0.403729 0.067445
7 0.543741 0.113195 0.090612 0.013018
7 0.136909 0.636275 0.139253 0.012732
7 0.109426 0.887757 0.082135 0.015668
6 0.639906 0.845173 0.281035 0.027655
7 0.622421 0.755748 0.246065 0.013132
7 0.635503 0.878470 0.273959 0.013359
7 0.540209 0.902600 0.083371 0.016318
0 0.269806 0.509650 0.405929 0.223355
0 0.269368 0.760284 0.405335 0.221895
0 0.269679 0.919975 0.404371 0.041214
0 0.701403 0.927789 0.404982 0.027432
0 0.700097 0.786475 0.403865 0.027923
0 0.701059 0.633800 0.404376 0.194109
0 0.700682 0.080589 0.403729 0.028559