3 0.768042 0.089729 0.267602 0.014313
4 0.290677 0.233266 0.407879 0.228096
4 0.290669 0.465013 0.407863 0.226494
1 0.098475 0.338159 0.015840 0.012358
4 0.706884 0.233096 0.408287 0.227755
4 0.707414 0.464502 0.410783 0.225473
1 0.513891 0.338209 0.013361 0.011652
1 0.098165 0.569048 0.014209 0.011412
1 0.513899 0.569010 0.015400 0.012119
1 0.499315 0.595170 0.826688 0.025170
7 0.220139 0.843808 0.270359 0.015763
0 0.288271 0.730454 0.405612 0.180277
0 0.288891 0.886702 0.404796 0.046545
0 0.708254 0.680946 0.404111 0.081261
5 0.708303 0.772648 0.406199 0.096520
0 0.709918 0.867156 0.405416 0.083644