4 0.495783 0.480353 0.803931 0.743455
3 0.768271 0.089325 0.266982 0.013077
1 0.498083 0.879968 0.824095 0.053077
4 0.299592 0.196255 0.380816 0.155183
4 0.301109 0.354773 0.382055 0.158474
1 0.127276 0.264899 0.016770 0.013758
4 0.688931 0.195353 0.370685 0.154767
4 0.686713 0.354773 0.375122 0.158474
1 0.519062 0.264319 0.016852 0.014237
4 0.301827 0.538676 0.387047 0.205624
1 0.127708 0.422585 0.019723 0.014905
4 0.691582 0.538342 0.381338 0.206318
1 0.518858 0.423077 0.018532 0.015057
1 0.127749 0.630195 0.017716 0.014641
4 0.526501 0.745977 0.201811 0.206431
1 0.518842 0.631337 0.015367 0.012837
4 0.320628 0.747207 0.199527 0.206166
1 0.240767 0.839212 0.015824 0.013556
1 0.440285 0.839615 0.015938 0.013884
4 0.725449 0.746879 0.192039 0.206847
1 0.640905 0.839634 0.014600 0.013468