6 0.578521 0.768391 0.158947 0.011645
7 0.153021 0.668602 0.169759 0.012350
7 0.121179 0.868150 0.106535 0.011355
0 0.269526 0.761768 0.404359 0.152373
0 0.269318 0.911161 0.403329 0.053123
0 0.700194 0.863957 0.404224 0.152986
0 0.700532 0.697134 0.403547 0.068859
1 0.485647 0.637484 0.393365 0.012395
4 0.350965 0.500343 0.213306 0.249959
1 0.260724 0.612389 0.013706 0.010668
4 0.595350 0.499630 0.258947 0.249732
1 0.480144 0.612745 0.011288 0.010836
1 0.484826 0.339027 0.834688 0.025164
4 0.218835 0.194864 0.211306 0.251391
1 0.128944 0.308168 0.012606 0.010955
4 0.466650 0.194866 0.266418 0.252105
1 0.347735 0.308227 0.011565 0.010836
4 0.732621 0.194789 0.248994 0.251959
1 0.623988 0.307911 0.012106 0.011659