2 0.559203 0.240257 0.468215 0.038961
6 0.251205 0.506342 0.071594 0.016737
6 0.097409 0.355895 0.130797 0.015026
1 0.251101 0.539355 0.101300 0.014553
0 0.250979 0.425599 0.441231 0.112645
0 0.250624 0.640072 0.419896 0.176671
7 0.068232 0.749730 0.074419 0.014882
0 0.249662 0.811204 0.441265 0.098408
7 0.069905 0.877296 0.079740 0.015276
5 0.249653 0.920520 0.440589 0.062303
5 0.727452 0.834493 0.422704 0.112645
5 0.717149 0.413717 0.442756 0.128171
7 0.614359 0.494770 0.235165 0.014434
0 0.716750 0.548039 0.439948 0.082658
7 0.610763 0.606026 0.226759 0.013842
0 0.717782 0.698086 0.440451 0.157645
5 0.717539 0.939809 0.443154 0.033934
7 0.673657 0.910954 0.354073 0.016934