3 0.853448 0.039697 0.111661 0.013337
4 0.209362 0.139638 0.261141 0.138943
1 0.211502 0.236740 0.265419 0.049751
4 0.209413 0.338230 0.260168 0.137577
1 0.196829 0.428248 0.233960 0.035736
4 0.209144 0.524062 0.260705 0.136461
1 0.158305 0.601971 0.159094 0.011259
6 0.197911 0.751217 0.228943 0.017494
5 0.184304 0.821063 0.211728 0.040796
0 0.210872 0.671312 0.265168 0.110463
0 0.194857 0.780689 0.233977 0.026603
0 0.211569 0.897506 0.266560 0.096010
1 0.458213 0.779157 0.118641 0.014917
5 0.641753 0.862999 0.509178 0.142292
1 0.771502 0.746401 0.256762 0.024228
4 0.774547 0.603515 0.261846 0.254466
0 0.481460 0.090315 0.238557 0.042007
0 0.494857 0.367150 0.265688 0.464774
7 0.417626 0.127304 0.109983 0.013753
0 0.491460 0.691253 0.258893 0.136948
7 0.421527 0.615172 0.118691 0.013812
0 0.775831 0.398189 0.265386 0.137637
7 0.699354 0.320724 0.110789 0.012494
0 0.775654 0.234697 0.265034 0.136615
7 0.676602 0.158141 0.066661 0.014739
0 0.774908 0.102892 0.264681 0.066401