3 0.749141 0.043805 0.248329 0.013818
4 0.386832 0.203898 0.253982 0.273514
1 0.273103 0.331543 0.012735 0.012277
4 0.664018 0.190477 0.284094 0.188927
1 0.539232 0.264693 0.014241 0.011995
1 0.514074 0.359927 0.673982 0.026991
0 0.299753 0.458323 0.406188 0.139764
5 0.277035 0.722482 0.361000 0.069273
0 0.731009 0.620041 0.405512 0.140155
1 0.730062 0.523414 0.365571 0.025018
4 0.625215 0.445180 0.207606 0.127068
1 0.536524 0.498595 0.014671 0.012100
4 0.839791 0.444550 0.213665 0.128318
1 0.745447 0.497877 0.013553 0.013055
4 0.729947 0.820630 0.392435 0.212632
1 0.730524 0.937495 0.393588 0.013518
0 0.298921 0.854709 0.404841 0.181291
0 0.297635 0.611136 0.404647 0.141364