3 0.769138 0.051222 0.201100 0.011582
4 0.290361 0.218051 0.394680 0.283899
1 0.104146 0.349949 0.017061 0.010481
4 0.711650 0.218228 0.397849 0.285215
1 0.525558 0.350063 0.017849 0.011468
1 0.499417 0.378006 0.813218 0.026063
6 0.652677 0.474880 0.265649 0.017861
2 0.274877 0.751563 0.364236 0.027709
4 0.291593 0.572500 0.337668 0.323861
7 0.207874 0.873089 0.229409 0.019013
7 0.660739 0.872987 0.291461 0.018203
0 0.290534 0.812949 0.398637 0.072582
0 0.290681 0.918259 0.396207 0.043937
0 0.711601 0.918468 0.396470 0.044203
0 0.711716 0.425854 0.395090 0.031127
0 0.711995 0.670943 0.397488 0.347278