3 0.798411 0.107164 0.157887 0.018621
0 0.277096 0.215833 0.426873 0.144089
6 0.242320 0.313921 0.304021 0.015635
0 0.277096 0.359892 0.426873 0.059281
0 0.721864 0.251990 0.425722 0.217194
6 0.627431 0.386091 0.181254 0.016667
0 0.722775 0.453603 0.425275 0.100228
6 0.688110 0.539772 0.304914 0.035827
0 0.722818 0.590024 0.428797 0.059520
1 0.277182 0.610600 0.220481 0.015204
1 0.499708 0.882980 0.202577 0.015600
4 0.212251 0.757272 0.317354 0.237518
1 0.077569 0.862890 0.018299 0.012974
1 0.360284 0.863525 0.016959 0.012830
4 0.276366 0.497740 0.447440 0.204664
4 0.644631 0.755252 0.539674 0.238537